Time, X, Y, Z, Pitch, Yaw, Roll
12:11:16.8925 PM,0.02733028,1.625923,0.5054301,349.1252,357.4999,13.10348
12:11:16.9015 PM,0.0270808,1.626178,0.5051039,349.0421,357.4315,13.38635
12:11:16.9085 PM,0.02671,1.626213,0.5053941,348.9655,357.3839,13.5768
12:11:16.9155 PM,0.02649334,1.626173,0.5054883,348.9099,357.3614,13.66498
12:11:16.9256 PM,0.02359346,1.628464,0.5087527,349.0695,357.3761,13.53835
12:11:16.9376 PM,0.02375278,1.627865,0.5094413,349.1122,357.3623,13.33886
12:11:16.9534 PM,0.0233587,1.627863,0.5099685,349.1278,357.3254,13.20395
12:11:16.9626 PM,0.02316159,1.627299,0.5098953,349.1791,357.2527,13.14502
12:11:16.9706 PM,0.02278814,1.627075,0.5104399,349.1939,357.169,13.15816
12:11:16.9811 PM,0.02218446,1.626929,0.5103885,349.1669,357.0753,13.15113
12:11:16.9916 PM,0.02158394,1.627003,0.5108675,349.1154,356.97,13.17458
12:11:17.0020 PM,0.02080032,1.62677,0.5105642,349.0155,356.9111,13.18074
12:11:17.0146 PM,0.02054986,1.626887,0.5102894,348.9484,356.8503,13.24083
12:11:17.0257 PM,0.02004206,1.626975,0.510821,348.8797,356.8206,13.35721
12:11:17.0361 PM,0.01995644,1.62941,0.5061139,348.773,356.8059,13.33751
12:11:17.0470 PM,0.01957449,1.629235,0.5056286,348.6618,356.7711,13.35047
12:11:17.0589 PM,0.01903445,1.630541,0.5048084,348.6061,356.7981,13.30828
12:11:17.0695 PM,0.01874429,1.630157,0.5045625,348.5873,356.813,13.3422
12:11:17.0806 PM,0.01809078,1.630839,0.5046495,348.6371,356.8034,13.28432
12:11:17.0916 PM,0.01789451,1.630389,0.5047147,348.6314,356.7989,13.20547
12:11:17.1035 PM,0.01747257,1.630423,0.5048703,348.6045,356.8062,13.09116
12:11:17.1145 PM,0.01702768,1.630323,0.5047785,348.5483,356.8196,13.08874
12:11:17.1255 PM,0.01671904,1.63018,0.5050091,348.5177,356.7829,13.24997
12:11:17.1367 PM,0.01614964,1.63018,0.5051526,348.489,356.7367,13.41778
12:11:17.1477 PM,0.01555172,1.63017,0.5052736,348.4398,356.6726,13.58427
12:11:17.1584 PM,0.01475126,1.631129,0.5046035,348.3583,356.5522,13.66554
12:11:17.1696 PM,0.01411793,1.630963,0.5043561,348.267,356.4838,13.77772
12:11:17.1808 PM,0.01335636,1.631694,0.5039214,348.1867,356.4005,13.89298
12:11:17.1923 PM,0.01275918,1.631084,0.5035089,348.0906,356.2991,14.0613
12:11:17.2026 PM,0.01215756,1.631554,0.5030165,347.9935,356.2331,14.27188
12:11:17.2135 PM,0.01140809,1.63136,0.5025544,347.87,356.1337,14.42945
12:11:17.2254 PM,0.01098347,1.632065,0.5014328,347.6869,356.0787,14.5488
12:11:17.2365 PM,0.01053104,1.632053,0.5004908,347.5385,356.0189,14.72007
12:11:17.2474 PM,0.01004347,1.631669,0.4997785,347.4293,355.9635,14.86128
12:11:17.2584 PM,0.00950098,1.632191,0.4987481,347.2611,355.9287,14.80675
12:11:17.2695 PM,0.008850336,1.632079,0.4976586,347.0961,355.8868,14.72868
12:11:17.2812 PM,0.008219957,1.632589,0.4965649,346.8051,355.8987,14.49355
12:11:17.2917 PM,0.008018404,1.633183,0.4950247,346.386,355.9607,14.25171
12:11:17.3026 PM,0.007721215,1.634398,0.4928123,345.8574,356.0083,14.04777
12:11:17.3135 PM,0.007298559,1.634957,0.4909418,345.3654,356.0292,13.94493
12:11:17.3247 PM,0.006783009,1.635932,0.4885383,344.7507,355.9686,13.82418
12:11:17.3360 PM,0.006043673,1.636932,0.486118,344.085,355.821,13.73969
12:11:17.3476 PM,0.005315661,1.637659,0.483891,343.455,355.6953,13.66274
12:11:17.3586 PM,0.004666775,1.638499,0.4807272,342.7114,355.5471,13.56801
12:11:17.3696 PM,0.004051,1.639138,0.4780277,341.9874,355.4493,13.47934
12:11:17.3806 PM,0.003184706,1.639759,0.4757955,341.1442,355.3339,13.50278
12:11:17.3916 PM,0.002402097,1.640154,0.4726079,340.434,355.2282,13.72032
12:11:17.4034 PM,0.001825452,1.639971,0.4695259,339.9699,355.1173,14.09207
12:11:17.4136 PM,0.001508057,1.639243,0.4659922,339.6847,355.0997,14.49384
12:11:17.4254 PM,0.001252025,1.638967,0.4622438,339.2831,355.122,14.73121
12:11:17.4364 PM,0.001404464,1.638134,0.4583191,338.9249,355.2834,14.84606
12:11:17.4476 PM,0.001546681,1.637489,0.4537927,338.5223,355.5387,14.66494
12:11:17.4588 PM,0.001925737,1.636436,0.4492834,338.0506,355.8039,14.13466
12:11:17.4696 PM,0.001776546,1.634894,0.4441067,337.635,355.9226,13.56647
12:11:17.4806 PM,0.001663595,1.633433,0.4393342,337.2902,355.9271,13.20055
12:11:17.4921 PM,0.0009784102,1.631616,0.4333212,337.0271,355.6214,13.24291
12:11:17.5036 PM,0.0001350939,1.62982,0.427861,336.6445,355.1695,13.50409
12:11:17.5142 PM,-0.001673371,1.627403,0.4204524,335.9801,353.9523,14.44228
12:11:17.5261 PM,-0.002822459,1.625854,0.4137584,335.3356,353.4119,14.63079
12:11:17.5376 PM,-0.003850728,1.623641,0.4072189,334.4808,352.9622,14.66931
12:11:17.5487 PM,-0.004671395,1.62113,0.4001677,333.7288,352.7731,14.84074
12:11:17.5604 PM,-0.005670935,1.61823,0.3936048,333.0401,352.5027,15.23396
12:11:17.5716 PM,-0.007002473,1.614427,0.3865687,332.4209,352.0547,16.06917
12:11:17.5836 PM,-0.00820443,1.611315,0.3776309,331.4471,351.4643,16.21833
12:11:17.5947 PM,-0.009294927,1.607923,0.3697181,330.8354,350.391,16.53972
12:11:17.6056 PM,-0.01119918,1.604568,0.3609736,330.7006,348.8925,17.66282
12:11:17.6178 PM,-0.01284757,1.600556,0.3532765,330.7206,347.3309,18.95147
12:11:17.6285 PM,-0.01428497,1.596531,0.3443966,330.5764,346.1944,19.72252
12:11:17.6406 PM,-0.01500285,1.592275,0.335772,330.3712,345.4335,19.61823
12:11:17.6517 PM,-0.01476479,1.587849,0.3279746,330.118,345.0697,18.86655
12:11:17.6621 PM,-0.01401693,1.582784,0.3194017,329.9415,344.7919,18.14861
12:11:17.6736 PM,-0.0130232,1.577933,0.3116395,329.4282,344.1614,17.27468
12:11:17.6855 PM,-0.01225108,1.572938,0.3026624,329.1246,343.298,16.88455
12:11:17.6963 PM,-0.01133066,1.56718,0.2947516,328.9334,342.29,17.24582
12:11:17.7073 PM,-0.01067793,1.561878,0.2866535,329.0438,341.3771,18.28075
12:11:17.7187 PM,-0.01004177,1.556262,0.2796974,329.3416,340.5564,19.30536
12:11:17.7293 PM,-0.008916378,1.5502,0.2722971,329.9223,340.2333,20.19277
12:11:17.7404 PM,-0.007349312,1.543974,0.2659996,330.1529,340.2112,20.2107
12:11:17.7518 PM,-0.004572332,1.537445,0.2595584,330.2416,340.7858,19.2111
12:11:17.7633 PM,-0.001906395,1.531237,0.2523179,330.5884,341.1192,18.61147
12:11:17.7748 PM,0.0004450679,1.524635,0.2470403,331.0717,341.0779,18.50964
12:11:17.7857 PM,0.002783298,1.518245,0.2403626,331.5105,340.7285,18.70538
12:11:17.7967 PM,0.005281091,1.511937,0.2350028,331.8054,340.4753,18.62936
12:11:17.8073 PM,0.008586884,1.505802,0.2290595,331.9365,340.5634,18.06945
12:11:17.8186 PM,0.01218569,1.499774,0.2229567,332.0417,341.2906,17.15156
12:11:17.8293 PM,0.01606029,1.493588,0.2187989,332.2148,342.4272,16.0304
12:11:17.8408 PM,0.02015334,1.487202,0.2142272,332.5342,343.5096,14.98021
12:11:17.8523 PM,0.02396923,1.480581,0.2102742,332.9448,344.2856,14.10731
12:11:17.8633 PM,0.02761257,1.473559,0.2061121,333.4387,344.5643,13.36979
12:11:17.8746 PM,0.03113604,1.46673,0.2023823,333.868,344.6556,12.4922
12:11:17.8857 PM,0.03448468,1.460031,0.1985991,334.2289,344.7012,11.62066
12:11:17.8967 PM,0.03766805,1.453416,0.1949155,334.3956,344.7067,10.85367
12:11:17.9071 PM,0.04189008,1.446547,0.1898961,334.3208,345.2671,10.50965
12:11:17.9191 PM,0.0453518,1.439918,0.1862149,334.4671,345.7151,10.05953
12:11:17.9291 PM,0.04914081,1.433463,0.1818531,334.731,346.6636,10.32223
12:11:17.9406 PM,0.05304706,1.426532,0.1784477,335.0906,347.3828,10.14439
12:11:17.9516 PM,0.05683029,1.419775,0.176003,335.4655,348.2952,9.721164
12:11:17.9621 PM,0.06095016,1.413179,0.1730688,335.7759,349.2979,8.906993
12:11:17.9736 PM,0.06498793,1.406509,0.1704109,336.0599,350.3314,8.149519
12:11:17.9856 PM,0.06938112,1.399834,0.1659024,336.3243,351.2651,7.510878
12:11:17.9961 PM,0.07312363,1.393009,0.1629541,336.6214,352.1743,6.93014
12:11:18.0071 PM,0.07644847,1.38573,0.1592779,337.1521,352.7207,6.748411
12:11:18.0191 PM,0.07932508,1.378581,0.1565468,337.7792,353.1377,6.649784
12:11:18.0303 PM,0.08156168,1.370855,0.1523767,338.8203,352.9947,6.639922
12:11:18.0408 PM,0.08428568,1.363515,0.1480966,339.6909,353.1449,6.231469
12:11:18.0524 PM,0.08593154,1.355706,0.1458805,340.9432,353.0844,5.5012
12:11:18.0634 PM,0.08798364,1.347527,0.1425285,342.0695,353.152,4.822182
12:11:18.0744 PM,0.08989149,1.33984,0.1399271,343.1152,353.2238,4.296435
12:11:18.0856 PM,0.09163645,1.332346,0.1367812,344.0592,353.2697,4.142843
12:11:18.0967 PM,0.09283051,1.325279,0.1337814,344.7297,353.1997,4.484832
12:11:18.1073 PM,0.09417123,1.31887,0.1300409,345.0895,353.1716,5.003273
12:11:18.1187 PM,0.09543124,1.312486,0.1267614,345.473,353.2035,5.223476
12:11:18.1302 PM,0.09653336,1.307531,0.1222799,345.462,353.3963,5.682189
12:11:18.1414 PM,0.09813491,1.301733,0.1178143,345.8579,353.6142,6.038093
12:11:18.1524 PM,0.09912279,1.296299,0.1142681,346.2371,353.9012,6.042433
12:11:18.1634 PM,0.09987915,1.290498,0.1109502,346.8509,354.0281,6.012323
12:11:18.1744 PM,0.1001295,1.284722,0.1075094,347.7319,353.9936,5.444726
12:11:18.1855 PM,0.1002287,1.278794,0.1025486,348.5373,353.8133,4.470686
12:11:18.1967 PM,0.1002626,1.272938,0.09866142,349.2157,353.6346,4.02581
12:11:18.2078 PM,0.09967855,1.267261,0.09514713,349.9442,353.2944,3.472893
12:11:18.2185 PM,0.09906095,1.261632,0.0920155,350.6677,352.9012,3.118671
12:11:18.2294 PM,0.09826174,1.256327,0.08913279,351.4083,352.5518,2.489578
12:11:18.2413 PM,0.0978556,1.251353,0.08563542,351.9482,352.2328,1.539365
12:11:18.2521 PM,0.09734178,1.247002,0.08248997,352.2582,352.1511,0.004657255
12:11:18.2636 PM,0.09727669,1.242644,0.07892299,352.5587,351.998,358.5743
12:11:18.2736 PM,0.09678715,1.238674,0.07608533,352.7091,351.9741,356.9659
12:11:18.2855 PM,0.09649003,1.234554,0.07337499,353.0575,352.034,356.073
12:11:18.2966 PM,0.09599346,1.230344,0.07030773,353.6903,352.3423,356.0886
12:11:18.3077 PM,0.09492093,1.225921,0.06741452,354.3066,352.3093,356.0165
12:11:18.3187 PM,0.09340078,1.221873,0.06489301,355.0352,352.0659,356.303
12:11:18.3293 PM,0.09137589,1.217982,0.06197023,355.7507,351.8271,356.655
12:11:18.3408 PM,0.0896979,1.214185,0.05923915,356.2059,351.4499,356.5579
12:11:18.3523 PM,0.08682096,1.21133,0.05721378,356.4353,350.8208,356.4487
12:11:18.3633 PM,0.08364308,1.20887,0.05405688,356.5597,350.1812,356.7549
12:11:18.3735 PM,0.08074224,1.206841,0.05139184,356.5611,349.7981,357.0892
12:11:18.3854 PM,0.07818788,1.205129,0.04916763,356.5734,349.4895,357.1394
12:11:18.3966 PM,0.07564855,1.203973,0.04678202,356.3912,349.2522,356.7094
12:11:18.4077 PM,0.07341713,1.203804,0.04499626,355.9602,348.9394,356.1442
12:11:18.4183 PM,0.07096452,1.20321,0.04255342,355.6,348.5662,356.0873
12:11:18.4292 PM,0.06804603,1.204108,0.0413053,355.0418,348.1213,356.9663
12:11:18.4402 PM,0.06551379,1.203894,0.03901601,354.7108,347.7531,357.4757
12:11:18.4517 PM,0.06284547,1.204705,0.03794146,354.2065,347.4147,357.8869
12:11:18.4632 PM,0.06032425,1.205396,0.03637004,353.8767,347.1651,357.9535
12:11:18.4736 PM,0.05766207,1.2058,0.03539681,353.6117,346.8258,358.0927
12:11:18.4847 PM,0.05501235,1.205881,0.03528476,353.7982,346.4366,357.4996
12:11:18.4966 PM,0.05238074,1.205877,0.0344615,353.8376,346.0408,357.2409
12:11:18.5079 PM,0.04963821,1.206176,0.03460979,353.9183,345.5996,357.0971
12:11:18.5184 PM,0.04707235,1.206681,0.0348928,353.7007,345.2715,357.0928
12:11:18.5299 PM,0.04467624,1.207371,0.03553128,353.5796,345.1498,356.6912
12:11:18.5405 PM,0.04247457,1.207678,0.03577614,353.4998,345.1061,356.0898
12:11:18.5515 PM,0.04039884,1.208045,0.03703523,353.4017,345.104,355.6409
12:11:18.5619 PM,0.03790677,1.208453,0.0378406,353.2532,344.9812,356.3358
12:11:18.5744 PM,0.03530914,1.208981,0.03989697,353.169,344.8759,357.291
12:11:18.5855 PM,0.03309011,1.209842,0.04142475,353.0094,344.8651,357.9356
12:11:18.5960 PM,0.03092843,1.210861,0.04275227,352.8327,344.8834,358.2104
12:11:18.6076 PM,0.0290308,1.21211,0.044554,352.7086,344.959,358.443
12:11:18.6188 PM,0.02692056,1.213336,0.04629159,352.6182,345.0557,358.5508
12:11:18.6298 PM,0.02513236,1.214774,0.04829097,352.5663,345.2338,358.2686
12:11:18.6403 PM,0.02289289,1.216025,0.05048323,352.5508,345.4035,357.7505
12:11:18.6518 PM,0.02054524,1.217458,0.0531621,352.5065,345.5157,357.3083
12:11:18.6633 PM,0.01835889,1.219005,0.05511832,352.401,345.5223,356.9739
12:11:18.6743 PM,0.0161376,1.220616,0.05720901,352.2,345.5045,356.8127
12:11:18.6855 PM,0.0138858,1.222277,0.05911708,351.966,345.4887,356.6732
12:11:18.6961 PM,0.01181483,1.224005,0.06129122,351.5438,345.5821,356.5356
12:11:18.7076 PM,0.009678066,1.225925,0.06327415,351.0431,345.7065,356.514
12:11:18.7186 PM,0.007697701,1.227642,0.06558633,350.6077,345.9407,356.3448
12:11:18.7293 PM,0.005734026,1.229279,0.06762171,350.2277,346.1727,356.1597
12:11:18.7402 PM,0.004113674,1.230586,0.06930757,349.9087,346.5426,355.9353
12:11:18.7522 PM,0.001919031,1.231793,0.07160687,349.5996,346.7561,355.9209
12:11:18.7627 PM,-0.0003768206,1.23288,0.07354498,349.3329,346.8089,356.265
12:11:18.7734 PM,-0.002555788,1.234041,0.07519126,349.023,346.9236,356.3686
12:11:18.7855 PM,-0.004985273,1.234903,0.0770185,348.8585,346.8835,356.6127
12:11:18.7965 PM,-0.007660389,1.235677,0.078825,348.7455,346.8344,356.8834
12:11:18.8077 PM,-0.01009154,1.236385,0.08055067,348.6229,346.8546,357.1705
12:11:18.8187 PM,-0.01215601,1.236954,0.08110642,348.4498,347.0866,357.3723
12:11:18.8297 PM,-0.0140869,1.237698,0.08222675,348.3321,347.5082,357.4718
12:11:18.8402 PM,-0.01588291,1.238372,0.08385968,348.2464,347.9004,357.591
12:11:18.8517 PM,-0.01767015,1.238772,0.0849328,348.2056,348.3918,357.6024
12:11:18.8617 PM,-0.01908666,1.239267,0.08642697,348.1714,348.9879,357.4895
12:11:18.8735 PM,-0.02066189,1.23971,0.08750582,348.1555,349.598,357.4137
12:11:18.8846 PM,-0.02237976,1.239909,0.0884614,348.1615,350.1674,357.2222
12:11:18.8958 PM,-0.02389598,1.240131,0.08974981,348.1199,350.702,356.9958
12:11:18.9074 PM,-0.0256871,1.239969,0.0902338,348.0792,351.0974,356.7761
12:11:18.9184 PM,-0.0275048,1.23969,0.09123516,348.0679,351.3943,356.5974
12:11:18.9296 PM,-0.02943259,1.239489,0.09238672,348.0775,351.6738,356.5233
12:11:18.9412 PM,-0.03180981,1.238635,0.09321475,348.1129,351.6573,356.7512
12:11:18.9517 PM,-0.0341329,1.237964,0.09354067,348.0821,351.7003,356.9362
12:11:18.9627 PM,-0.03671247,1.236959,0.09434891,348.0475,351.576,357.2946
12:11:18.9742 PM,-0.03916132,1.236019,0.09497166,348.0372,351.5373,357.6401
12:11:18.9842 PM,-0.04178023,1.234615,0.09579587,348.0973,351.3918,358.2484
12:11:18.9964 PM,-0.0445469,1.233068,0.095783,348.1845,351.2211,359.0215
12:11:19.0074 PM,-0.04748565,1.231607,0.09622693,348.2158,350.953,359.9122
12:11:19.0180 PM,-0.05033988,1.230477,0.09678507,348.1126,350.6298,0.9608161
12:11:19.0297 PM,-0.05348182,1.229465,0.09625101,347.9335,350.2772,2.080966
12:11:19.0405 PM,-0.05699575,1.22928,0.09619021,347.3658,349.5327,3.958127
12:11:19.0519 PM,-0.06073517,1.22874,0.0952282,346.9062,348.8747,5.567709
12:11:19.0624 PM,-0.06443393,1.228958,0.09492588,346.2334,348.0115,7.521657
12:11:19.0742 PM,-0.06840289,1.228944,0.09423923,345.6292,347.1086,9.319296
12:11:19.0852 PM,-0.07197279,1.229072,0.09406495,345.0851,346.2387,11.02692
12:11:19.0957 PM,-0.07583731,1.229106,0.09356594,344.6424,345.2944,12.66877
12:11:19.1073 PM,-0.07957608,1.228954,0.09357882,344.2593,344.4439,14.28526
12:11:19.1192 PM,-0.08256972,1.229194,0.09374261,343.8345,343.6442,15.89483
12:11:19.1298 PM,-0.08585805,1.22909,0.09351659,343.3894,342.7953,17.63342
12:11:19.1403 PM,-0.08862108,1.229385,0.09378695,342.8975,341.9555,19.5163
12:11:19.1514 PM,-0.09141678,1.229255,0.09376931,342.4541,341.1036,21.37134
12:11:19.1626 PM,-0.09368598,1.229544,0.09418392,342.037,340.3413,23.01719
12:11:19.1732 PM,-0.09589761,1.229725,0.09404898,341.6722,339.6357,24.45673
12:11:19.1847 PM,-0.09808832,1.229997,0.09376836,341.2899,338.9369,25.91754
12:11:19.1955 PM,-0.09929371,1.230518,0.09458971,340.9275,338.4549,27.1276
12:11:19.2076 PM,-0.1010079,1.230698,0.09435821,340.5816,337.8448,28.57334
12:11:19.2184 PM,-0.1018946,1.231296,0.09524846,340.2762,337.4707,29.75425
12:11:19.2290 PM,-0.1029177,1.23166,0.09482288,340.026,337.0954,30.76554
12:11:19.2399 PM,-0.1029203,1.232262,0.09605718,339.8669,337.0742,31.06689
12:11:19.2514 PM,-0.1023606,1.232664,0.09676838,339.8835,337.2355,30.77631
12:11:19.2617 PM,-0.1023138,1.232891,0.09752417,339.8736,337.1971,30.89837
12:11:19.2737 PM,-0.1014564,1.232925,0.0992167,340.0104,337.3703,30.6507
12:11:19.2855 PM,-0.1008215,1.232718,0.09946728,340.1143,337.3739,30.68235
12:11:19.2962 PM,-0.09966457,1.232333,0.1012912,340.3289,337.4379,30.64349
12:11:19.3069 PM,-0.09837329,1.231876,0.1025259,340.4678,337.3773,30.82709
12:11:19.3185 PM,-0.0967207,1.231012,0.1043842,340.5371,337.2952,31.1987
12:11:19.3290 PM,-0.0950681,1.230178,0.1057329,340.6069,337.1751,31.73262
12:11:19.3405 PM,-0.09234571,1.227799,0.107914,340.7429,337.0954,32.85873
12:11:19.3515 PM,-0.09006429,1.225664,0.1098068,340.8239,337.0042,33.6064
12:11:19.3625 PM,-0.0874384,1.222415,0.1109183,340.8271,336.6378,34.83464
12:11:19.3735 PM,-0.08400613,1.216616,0.1131654,341.6718,336.1542,37.29279
12:11:19.3845 PM,-0.08078498,1.211473,0.115077,342.4993,335.8609,39.32699
12:11:19.3957 PM,-0.07588398,1.202771,0.1171725,343.9454,335.6682,41.78887
12:11:19.4069 PM,-0.07136416,1.19434,0.1182301,345.2929,335.5019,43.60828
12:11:19.4184 PM,-0.0659399,1.185483,0.1201546,346.6966,335.4893,45.39071
12:11:19.4290 PM,-0.0604924,1.175975,0.1213784,348.1927,335.5681,47.12168
12:11:19.4405 PM,-0.05300319,1.164201,0.1228101,350.0047,335.963,48.72411
12:11:19.4510 PM,-0.04533917,1.152288,0.1235166,351.7151,336.6064,50.06731
12:11:19.4626 PM,-0.03692663,1.139692,0.12378,353.3454,337.4092,51.01251
12:11:19.4735 PM,-0.02741534,1.126958,0.1239979,354.8037,338.4693,51.58422
12:11:19.4856 PM,-0.018332,1.114805,0.123594,356.1696,339.4629,52.32103
12:11:19.4957 PM,-0.007568359,1.101731,0.1216838,357.7358,340.8897,52.95261
12:11:19.5073 PM,0.002120137,1.08925,0.1209252,359.3534,341.9913,53.84868
12:11:19.5189 PM,0.01283669,1.075295,0.1175804,1.017155,343.3612,54.30306
12:11:19.5300 PM,0.02271926,1.061566,0.1156561,2.843376,344.5434,54.51576
12:11:19.5405 PM,0.03283274,1.047717,0.1119101,4.720934,345.706,54.57407
12:11:19.5515 PM,0.04260021,1.033457,0.1067352,6.836533,346.7385,54.2663
12:11:19.5617 PM,0.05212379,1.019278,0.1004581,9.026369,347.7732,54.21367
12:11:19.5734 PM,0.06092674,1.005464,0.09374547,11.24051,348.6885,54.2649
12:11:19.5855 PM,0.06974971,0.992206,0.0871644,13.32217,349.5283,54.38975
12:11:19.5956 PM,0.07731771,0.9793903,0.07935524,15.28625,350.0845,54.37562
12:11:19.6067 PM,0.08458376,0.9674551,0.07062244,17.01961,350.4105,54.21108
12:11:19.6175 PM,0.09121853,0.9556201,0.0608263,18.68548,350.6796,53.95654
12:11:19.6292 PM,0.097166,0.9444599,0.05244946,20.25187,351.0471,53.86806
12:11:19.6399 PM,0.1033097,0.9337755,0.04423189,21.73895,351.4896,53.72022
12:11:19.6517 PM,0.1083463,0.924198,0.035954,22.76032,351.8158,53.40248
12:11:19.6626 PM,0.1128585,0.914944,0.02597189,23.67892,352.0709,52.83879
12:11:19.6736 PM,0.1170872,0.906296,0.01788616,24.51876,352.3454,52.18926
12:11:19.6847 PM,0.1219469,0.8976547,0.009503365,25.51771,352.7222,51.63625
12:11:19.6957 PM,0.1261234,0.8892313,0.001639843,26.39209,353.2823,51.09496
12:11:19.7067 PM,0.1305429,0.8806444,-0.007696867,27.36843,354.0037,50.6153
12:11:19.7182 PM,0.123414,0.885082,0.03874207,28.80551,354.7701,50.33928
12:11:19.7294 PM,0.1273358,0.8769983,0.03224015,29.85396,355.6484,49.97119
12:11:19.7408 PM,0.1308328,0.8687689,0.02431965,30.98817,356.4995,49.54661
12:11:19.7513 PM,0.1341802,0.8609238,0.01767206,32.13358,357.4126,49.06534
12:11:19.7624 PM,0.137755,0.8529308,0.008307219,33.13844,358.119,48.45257
12:11:19.7733 PM,0.1400627,0.8462245,0.001726866,33.99273,358.7567,47.7198
12:11:19.7841 PM,0.1425001,0.8390126,-0.006684065,34.78761,359.2976,47.06136
12:11:19.7957 PM,0.1441834,0.8331528,-0.01302814,35.44514,359.7212,46.29772
12:11:19.8065 PM,0.1453118,0.8269655,-0.02191114,35.94979,0.002839121,45.51975
12:11:19.8185 PM,0.1461361,0.8214664,-0.02929139,36.50634,0.2043252,44.80045
12:11:19.8285 PM,0.1468495,0.8166219,-0.03540063,37.13233,0.4554412,44.15133
12:11:19.8404 PM,0.1476973,0.8100506,-0.04270363,37.95252,0.6015348,43.37033
12:11:19.8514 PM,0.1482018,0.8054,-0.04882383,38.9353,0.9949877,42.74829
12:11:19.8619 PM,0.149038,0.8002934,-0.05554485,40.02626,1.273676,42.08967
12:11:19.8737 PM,0.1495235,0.7959395,-0.06146097,41.34919,1.833211,41.48983
12:11:19.8847 PM,0.1501176,0.7918453,-0.06759548,42.74339,2.325456,40.79483
12:11:19.8960 PM,0.1500594,0.7875008,-0.0727787,44.1474,2.893993,40.1818
12:11:19.9066 PM,0.1504799,0.7842084,-0.07788181,45.4655,3.272874,39.54071
12:11:19.9182 PM,0.1505485,0.7810444,-0.0823772,46.72562,3.348884,38.76118
12:11:19.9285 PM,0.1506217,0.7779253,-0.08620286,47.94962,3.333802,37.97198
12:11:19.9404 PM,0.1501539,0.7747239,-0.08830833,48.83456,2.585332,36.87567
12:11:19.9514 PM,0.1499194,0.7728536,-0.08935928,49.26258,1.764285,35.93245
12:11:19.9624 PM,0.1495372,0.7706586,-0.09070396,49.70623,1.127946,35.19241
12:11:19.9734 PM,0.1494738,0.7684657,-0.09005761,49.59871,0.3488911,34.82625
12:11:19.9845 PM,0.1499279,0.7669872,-0.08961153,49.75522,359.9023,34.4476
12:11:19.9958 PM,0.1506693,0.7656868,-0.08853006,49.87591,359.5916,34.15836
12:11:20.0066 PM,0.1516572,0.7646635,-0.0863266,49.91311,359.6858,33.97962
12:11:20.0178 PM,0.1535507,0.7636527,-0.08355641,50.11751,359.8962,33.67186
12:11:20.0286 PM,0.1558824,0.7630417,-0.08018756,50.33167,0.5797065,33.65902
12:11:20.0397 PM,0.1581909,0.7621984,-0.07716966,50.50611,1.017414,33.48583
12:11:20.0511 PM,0.1610092,0.7621305,-0.0726378,50.6173,1.930211,33.48969
12:11:20.0626 PM,0.1641168,0.7619932,-0.06768608,50.6034,2.753902,33.37091
12:11:20.0735 PM,0.1669748,0.7615862,-0.06209946,50.53149,3.448249,33.21638
12:11:20.0847 PM,0.16975,0.761916,-0.05649924,50.451,4.17063,33.08189
12:11:20.0957 PM,0.1726049,0.7621593,-0.04987025,50.25011,4.801876,32.82697
12:11:20.1065 PM,0.1754825,0.7632409,-0.04266,49.83719,5.415537,32.49762
12:11:20.1176 PM,0.1782923,0.7639066,-0.03602576,49.41233,5.948933,32.17701
12:11:20.1289 PM,0.1808536,0.7656599,-0.02753663,48.62438,6.14339,31.84388
12:11:20.1405 PM,0.1833163,0.7661417,-0.01964498,48.1541,6.438686,31.53445
12:11:20.1516 PM,0.1854908,0.7681131,-0.01068425,47.3231,6.212252,31.03627
12:11:20.1621 PM,0.18784,0.7692552,-0.001643896,46.67817,6.127655,30.28808
12:11:20.1736 PM,0.190182,0.7707796,0.006866217,46.08651,5.984084,29.20896
12:11:20.1846 PM,0.1920353,0.772562,0.01590133,45.64997,5.738603,28.26468
12:11:20.1957 PM,0.1945091,0.7744461,0.02524781,45.02388,5.560817,28.2843
12:11:20.2068 PM,0.1964337,0.7763098,0.0341363,44.35969,5.349754,28.33215
12:11:20.2178 PM,0.1981107,0.7777122,0.04282284,43.69193,5.139177,28.25267
12:11:20.2287 PM,0.1996222,0.7800744,0.05176044,42.83004,4.703743,28.70321
12:11:20.2397 PM,0.201166,0.781189,0.06121039,42.12636,4.454385,29.12685
12:11:20.2514 PM,0.2026094,0.7835697,0.07008505,41.29922,4.092688,29.42204
12:11:20.2619 PM,0.2042736,0.7861619,0.07900429,40.38926,3.915951,29.51147
12:11:20.2734 PM,0.2058555,0.7886981,0.08788347,39.5198,3.770241,29.55153
12:11:20.2845 PM,0.2077502,0.7918009,0.09684229,38.629,3.958789,29.53343
12:11:20.2957 PM,0.2093844,0.7947139,0.1052885,37.79013,4.176185,29.52409
12:11:20.3064 PM,0.2109369,0.7975617,0.1139221,37.04609,4.493972,29.28513
12:11:20.3176 PM,0.2128275,0.8003294,0.1221628,36.24891,4.960155,29.07195
12:11:20.3287 PM,0.2146922,0.8032801,0.1301961,35.45538,5.437844,28.81821
12:11:20.3397 PM,0.216139,0.8057082,0.1378837,34.66837,5.892688,28.57714
12:11:20.3516 PM,0.217869,0.8082837,0.1453648,33.93158,6.417878,28.35648
12:11:20.3626 PM,0.2189488,0.8107606,0.1523035,33.21959,6.916516,27.99896
12:11:20.3735 PM,0.2206553,0.8138459,0.1594009,32.56148,7.363783,27.59521
12:11:20.3845 PM,0.2217216,0.8163258,0.1655397,31.94742,7.758098,27.22278
12:11:20.3956 PM,0.2223509,0.8197351,0.1719053,31.32107,8.082209,26.88674
12:11:20.4069 PM,0.2229457,0.822037,0.1771643,30.79773,8.317103,26.52216
12:11:20.4176 PM,0.2233616,0.8241695,0.1830947,30.26447,8.500874,26.14465
12:11:20.4288 PM,0.2235293,0.8261194,0.1875565,29.82247,8.538968,25.83996
12:11:20.4397 PM,0.2234482,0.8280851,0.1916423,29.37553,8.601407,25.64985
12:11:20.4507 PM,0.2230247,0.8298843,0.1960475,28.94608,8.646833,25.67912
12:11:20.4622 PM,0.222775,0.8311676,0.1992128,28.58511,8.562273,25.8864
12:11:20.4734 PM,0.2223386,0.8330287,0.2033732,28.21101,8.55828,26.11473
12:11:20.4837 PM,0.2220559,0.8338284,0.2053034,27.91973,8.430984,26.4325
12:11:20.4948 PM,0.221284,0.8343549,0.2078772,27.63035,8.432234,26.62759
12:11:20.5065 PM,0.2211419,0.8348067,0.2093062,27.46956,8.400151,26.89174
12:11:20.5176 PM,0.2209406,0.8357699,0.2113559,27.26528,8.467165,27.16372
12:11:20.5286 PM,0.2210762,0.835924,0.2119327,27.13219,8.625271,27.4144
12:11:20.5395 PM,0.2212691,0.8360009,0.2122502,26.91589,8.811737,27.63877
12:11:20.5505 PM,0.221671,0.8356743,0.2118552,26.90887,9.171824,27.76038
12:11:20.5616 PM,0.2216307,0.8350809,0.2108402,27.0342,9.639831,27.76109
12:11:20.5726 PM,0.2215862,0.8348477,0.2111499,27.18792,10.00143,27.8172
12:11:20.5837 PM,0.2219191,0.8333102,0.2090034,27.60191,10.46041,27.71897
12:11:20.5947 PM,0.2216558,0.8325422,0.2078397,27.89954,10.83793,27.74903
12:11:20.6061 PM,0.2214845,0.8308584,0.2054124,28.27446,11.17993,27.80812
12:11:20.6176 PM,0.2212858,0.8292747,0.2032421,28.61499,11.42381,27.79896
12:11:20.6284 PM,0.2208696,0.8270856,0.2002423,29.01349,11.58513,27.77927
12:11:20.6397 PM,0.2202803,0.8251041,0.1977065,29.40471,11.52087,27.78448
12:11:20.6505 PM,0.2194676,0.8227755,0.1944633,29.74549,11.43229,27.9281
12:11:20.6615 PM,0.2187316,0.8202154,0.1907413,30.07108,11.28059,28.18231
12:11:20.6725 PM,0.2177462,0.817896,0.1872592,30.42839,11.20324,28.4289
12:11:20.6835 PM,0.2169736,0.8149832,0.1829345,30.8577,11.06354,28.78304
12:11:20.6946 PM,0.2161407,0.8126632,0.1790776,31.34316,11.05093,29.08491
12:11:20.7061 PM,0.2154647,0.8093501,0.1737263,32.00993,11.16344,29.44047
12:11:20.7167 PM,0.2149767,0.8052055,0.1691606,32.70693,11.26873,29.7768
12:11:20.7283 PM,0.2142819,0.802099,0.1636527,33.41022,11.52299,30.11755
12:11:20.7396 PM,0.2142826,0.7979442,0.1581533,34.26968,11.88747,30.34411
12:11:20.7502 PM,0.2139796,0.7943342,0.1527185,35.16584,12.40737,30.61368
12:11:20.7617 PM,0.2139125,0.7908049,0.1465869,36.13747,13.0623,30.85675
12:11:20.7727 PM,0.2136832,0.7878386,0.1416368,37.08643,13.67485,31.10367
12:11:20.7837 PM,0.2136875,0.7845004,0.1354694,38.0332,14.50578,31.30493
12:11:20.7944 PM,0.2136801,0.7807792,0.1295114,38.89624,15.28442,31.51943
12:11:20.8055 PM,0.2133745,0.7774798,0.1237471,39.74699,16.0971,31.73739
12:11:20.8175 PM,0.2128872,0.7748256,0.1180627,40.53645,16.85662,31.94156
12:11:20.8282 PM,0.2126886,0.7725741,0.1119146,41.28814,17.55913,32.11896
12:11:20.8397 PM,0.2120813,0.7703101,0.1060238,41.97607,18.17783,32.22502
12:11:20.8502 PM,0.2111312,0.767033,0.1006167,42.64014,18.64549,32.35365
12:11:20.8617 PM,0.210217,0.7650283,0.09496307,43.24975,19.11771,32.49694
12:11:20.8732 PM,0.2092227,0.7628385,0.09005642,43.8798,19.60313,32.64332
12:11:20.8845 PM,0.2081459,0.7612213,0.08469558,44.44481,20.11818,32.86622
12:11:20.8965 PM,0.2070536,0.7594271,0.07993722,44.98817,20.48954,33.01675
12:11:20.9066 PM,0.2058301,0.7581255,0.07500792,45.48992,20.98636,33.20326
12:11:20.9171 PM,0.2048,0.7561431,0.07048321,45.99358,21.38389,33.29747
12:11:20.9282 PM,0.2033829,0.7545348,0.06647348,46.46801,21.75643,33.29248
12:11:20.9388 PM,0.2020602,0.7534956,0.06235886,46.91019,22.1085,33.32347
12:11:20.9504 PM,0.2009872,0.7525622,0.05847478,47.30224,22.41965,33.32174
12:11:20.9614 PM,0.1996214,0.7516801,0.05463624,47.68224,22.71131,33.34555
12:11:20.9724 PM,0.1980014,0.7505314,0.0518868,47.92368,22.87715,33.3428
12:11:20.9834 PM,0.1964677,0.7501957,0.04900312,48.04858,23.02799,33.32084
12:11:20.9945 PM,0.1950446,0.7492336,0.04695034,48.09099,23.07447,33.16974
12:11:21.0055 PM,0.1937106,0.7489848,0.04502678,48.13411,23.13991,32.99511
12:11:21.0165 PM,0.1923681,0.748731,0.04303384,48.12337,23.15246,32.92872
12:11:21.0283 PM,0.1912173,0.7488502,0.04139471,48.16823,23.22322,32.88777
12:11:21.0397 PM,0.189917,0.748795,0.03977394,48.17291,23.29399,32.81544
12:11:21.0505 PM,0.1882681,0.7485539,0.03883839,48.21915,23.39151,32.69391
12:11:21.0615 PM,0.1869799,0.7484256,0.037395,48.2599,23.49247,32.62943
12:11:21.0725 PM,0.1857745,0.7472162,0.03657126,48.24012,23.62428,32.49746
12:11:21.0836 PM,0.1846521,0.7472278,0.03563714,48.20966,23.86163,32.37603
12:11:21.0946 PM,0.184166,0.7469432,0.03527832,48.16134,24.02401,32.0937
12:11:21.1061 PM,0.1830509,0.7468114,0.03512812,48.11924,24.24508,31.88331
12:11:21.1166 PM,0.1822149,0.746922,0.03460836,48.03684,24.53818,31.62098
12:11:21.1283 PM,0.1815559,0.7468081,0.03449678,47.9753,24.74588,31.40771
12:11:21.1395 PM,0.1807771,0.7469888,0.03411508,47.87739,24.98601,31.17432
12:11:21.1500 PM,0.1800146,0.7466055,0.034621,47.81178,25.13809,30.9757
12:11:21.1615 PM,0.1792184,0.7467169,0.0342195,47.75482,25.31363,30.83108
12:11:21.1725 PM,0.1788128,0.746308,0.03396964,47.68984,25.4201,30.70817
12:11:21.1836 PM,0.1782269,0.7463589,0.03366327,47.65249,25.62077,30.76316
12:11:21.1946 PM,0.1776559,0.7463982,0.03425407,47.57417,25.7326,30.82719
12:11:21.2066 PM,0.1771217,0.7465167,0.03400779,47.48853,25.95548,30.92177
12:11:21.2171 PM,0.1768551,0.7462288,0.03449297,47.40686,26.03661,30.91965
12:11:21.2282 PM,0.1763713,0.7459217,0.03504705,47.29607,26.14763,30.92707
12:11:21.2392 PM,0.1761492,0.7461746,0.03529882,47.12983,26.20446,30.96411
12:11:21.2500 PM,0.1758512,0.7464538,0.0372417,46.96238,26.21967,31.02802
12:11:21.2615 PM,0.1757203,0.7467873,0.03771853,46.7874,26.21918,31.05212
12:11:21.2726 PM,0.1758217,0.7467383,0.03941131,46.53053,26.15115,31.20074
12:11:21.2836 PM,0.175819,0.7472985,0.04006314,46.26065,26.23219,31.41976
12:11:21.2955 PM,0.1761257,0.7474222,0.04187083,45.90405,26.28372,31.71623
12:11:21.3055 PM,0.1767539,0.7482313,0.04380369,45.5284,26.45589,32.07004
12:11:21.3167 PM,0.1774907,0.7491283,0.04519606,45.12706,26.63064,32.38182
12:11:21.3283 PM,0.1782939,0.7498167,0.04675055,44.69564,26.71228,32.67199
12:11:21.3396 PM,0.1790913,0.75099,0.04847741,44.15107,26.7677,33.00059
12:11:21.3506 PM,0.1799952,0.7516658,0.05067921,43.49912,26.72259,33.10885
12:11:21.3616 PM,0.1808072,0.7530511,0.05257106,42.87231,26.69997,33.15302
12:11:21.3726 PM,0.181674,0.7542003,0.05503917,42.35785,26.60575,33.15678
12:11:21.3836 PM,0.1824945,0.7554265,0.05675554,41.88179,26.63657,33.2235
12:11:21.3947 PM,0.1834399,0.7560802,0.05871105,41.4956,26.62705,33.28062
12:11:21.4067 PM,0.1841491,0.756907,0.06105042,41.16253,26.65166,33.63743
12:11:21.4177 PM,0.1849065,0.7578033,0.06260681,40.83957,26.51702,33.91084
12:11:21.4282 PM,0.1855749,0.7587452,0.06457472,40.5777,26.40923,34.23657
12:11:21.4397 PM,0.1860577,0.7594851,0.06578207,40.38099,26.1813,34.47655
12:11:21.4507 PM,0.1866331,0.7598376,0.06745291,40.19413,25.83138,34.79336
12:11:21.4609 PM,0.1869788,0.7605517,0.06857491,40.00753,25.6633,35.21195
12:11:21.4716 PM,0.1873555,0.7608248,0.06994581,39.90167,25.47571,35.45042
12:11:21.4836 PM,0.1876872,0.7614024,0.07096004,39.84923,25.35144,35.53349
12:11:21.4941 PM,0.1878796,0.7615098,0.07227755,39.94304,25.23419,35.26044
12:11:21.5054 PM,0.1882653,0.7618616,0.07331324,40.09156,25.20865,34.90663
12:11:21.5165 PM,0.1885073,0.7622391,0.07396221,40.20719,25.07991,34.65296
12:11:21.5267 PM,0.1880324,0.7629453,0.07560253,40.33693,24.84937,34.48825
12:11:21.5390 PM,0.1877802,0.7635687,0.07645822,40.33822,24.57038,34.3791
12:11:21.5497 PM,0.1876212,0.7645339,0.07817364,40.20973,24.14182,34.33553
12:11:21.5604 PM,0.1870619,0.7650269,0.0793972,40.03986,23.72285,34.32842
12:11:21.5716 PM,0.1863997,0.7662377,0.08129168,39.64036,23.00969,34.61439
12:11:21.5821 PM,0.1858225,0.7672055,0.08257699,39.31141,22.49554,34.83997
12:11:21.5936 PM,0.1850177,0.7685659,0.08470631,38.77118,21.97711,35.19072
12:11:21.6055 PM,0.1847153,0.769811,0.08649158,38.27006,21.48694,35.38416
12:11:21.6166 PM,0.1843701,0.7719288,0.08845615,37.37592,21.12573,35.82378
12:11:21.6267 PM,0.1841236,0.773954,0.09102392,36.45977,20.6954,36.28178
12:11:21.6380 PM,0.1836065,0.7768072,0.09377003,35.07838,20.39047,37.012
12:11:21.6497 PM,0.1835621,0.7806746,0.09767485,33.39444,20.22418,37.66046
12:11:21.6607 PM,0.1832156,0.7848693,0.1008098,31.44357,19.98643,38.18808
12:11:21.6719 PM,0.1831194,0.7912557,0.1057975,28.67372,19.43662,38.71511
12:11:21.6834 PM,0.1820387,0.7958141,0.109889,26.6392,19.05412,39.31876
12:11:21.6945 PM,0.1806563,0.8015941,0.114295,24.55679,18.59674,39.86004
12:11:21.7055 PM,0.1791992,0.8065442,0.1182342,22.65461,18.01134,40.04687
12:11:21.7167 PM,0.1766974,0.8124534,0.1230962,20.65612,17.10956,40.12236
12:11:21.7267 PM,0.1732964,0.8183625,0.1279347,18.64038,15.68926,41.21592
12:11:21.7387 PM,0.1682501,0.8239047,0.1332161,16.54747,13.99192,43.04577
12:11:21.7497 PM,0.1637158,0.8299236,0.1382728,14.47485,12.30927,44.81921
12:11:21.7605 PM,0.158924,0.8354141,0.1431563,12.64379,10.89977,45.91245
12:11:21.7715 PM,0.1539238,0.8410283,0.1480236,11.09638,9.608328,46.03701
12:11:21.7825 PM,0.1492725,0.8462417,0.1530542,9.871824,8.470253,45.37479
12:11:21.7935 PM,0.1447375,0.8507584,0.1576798,8.851815,7.446938,44.50126
12:11:21.8056 PM,0.1408835,0.8558943,0.1620281,7.748604,6.42757,44.02103
12:11:21.8162 PM,0.1368113,0.8594199,0.1667738,7.002169,5.555645,44.1311
12:11:21.8267 PM,0.1332035,0.863815,0.1713381,6.089107,4.616679,44.85022
12:11:21.8386 PM,0.1289259,0.8674172,0.1757562,5.067699,3.734214,45.53841
12:11:21.8504 PM,0.1254465,0.8712229,0.1802144,4.118342,3.057974,46.28193
12:11:21.8619 PM,0.122311,0.8758067,0.1855693,3.19138,2.433353,46.7027
12:11:21.8719 PM,0.1191164,0.8796677,0.1900148,2.226973,1.854985,46.99403
12:11:21.8834 PM,0.1161997,0.883494,0.1947494,1.353336,1.397492,46.9339
12:11:21.8946 PM,0.1136439,0.8868147,0.198977,0.5847319,1.06031,46.62302
12:11:21.9062 PM,0.111268,0.8898475,0.2034817,359.9412,0.7678512,46.22485
12:11:21.9167 PM,0.1092653,0.8928046,0.2081015,359.455,0.4564545,45.97975
12:11:21.9283 PM,0.1074479,0.8946234,0.2121379,359.174,0.2393738,45.76495
12:11:21.9397 PM,0.1051238,0.895955,0.2157221,358.9428,359.9721,45.6143
12:11:21.9505 PM,0.1036758,0.8967024,0.2194219,359.0976,359.7579,45.3809
12:11:21.9615 PM,0.1021601,0.8974221,0.2223835,359.1931,359.5534,45.24181
12:11:21.9726 PM,0.1009029,0.898309,0.2252662,359.081,359.3424,45.04087
12:11:21.9836 PM,0.09992319,0.8992967,0.2282488,358.7693,359.1332,44.90062
12:11:21.9946 PM,0.09912562,0.9006466,0.2307045,358.4161,358.9417,44.9251
12:11:22.0062 PM,0.09854847,0.9015905,0.2332237,357.9977,358.7096,45.11158
12:11:22.0168 PM,0.09801745,0.9024511,0.2350554,357.6163,358.476,45.28479
12:11:22.0284 PM,0.09787625,0.9027007,0.2371089,357.4293,358.2748,45.54879
12:11:22.0387 PM,0.0975998,0.9027942,0.2385273,357.3609,358.0551,45.85364
12:11:22.0502 PM,0.0964486,0.9043053,0.2464609,357.7386,357.7286,46.40825
12:11:22.0616 PM,0.09625286,0.9038101,0.2481699,357.951,357.4705,46.83767
12:11:22.0726 PM,0.09655637,0.9034072,0.2499008,358.3042,357.2258,47.11828
12:11:22.0833 PM,0.09731966,0.9028282,0.2511232,358.5735,357.0889,47.07486
12:11:22.0948 PM,0.0978114,0.9025341,0.2523024,358.6671,356.95,47.08887
12:11:22.1056 PM,0.09886971,0.9024385,0.2533827,358.6921,356.8311,47.04338
12:11:22.1168 PM,0.09986228,0.9023036,0.2538679,358.6803,356.6723,47.29276
12:11:22.1284 PM,0.1010669,0.9021934,0.2547417,358.6665,356.5448,47.61954
12:11:22.1386 PM,0.1028336,0.9019617,0.2548816,358.6443,356.532,48.16061
12:11:22.1506 PM,0.1045696,0.9018689,0.2549484,358.7061,356.5103,48.46294
12:11:22.1615 PM,0.1067004,0.901537,0.2552726,358.7812,356.631,48.63867
12:11:22.1726 PM,0.1087768,0.9011208,0.2548115,358.8886,356.7612,48.7605
12:11:22.1836 PM,0.1113516,0.9005967,0.2549574,359.0578,357.0659,48.71494
12:11:22.1941 PM,0.1140293,0.9000416,0.2544298,359.2838,357.3352,48.63981
12:11:22.2056 PM,0.1166699,0.8993032,0.2542343,359.5383,357.62,48.65091
12:11:22.2167 PM,0.1191486,0.8983735,0.2531669,359.8263,357.7971,48.89439
12:11:22.2283 PM,0.1216181,0.8975568,0.2528207,0.06272068,357.9768,49.12449
12:11:22.2395 PM,0.1241718,0.8966665,0.2513936,0.2767832,358.0619,49.46154
12:11:22.2504 PM,0.1261224,0.8969627,0.2533298,0.5497979,358.066,49.86255
12:11:22.2614 PM,0.1284371,0.8961748,0.2526181,0.7093547,358.1503,50.1907
12:11:22.2726 PM,0.1307752,0.8952721,0.2516546,0.9093905,358.2314,50.45369
12:11:22.2835 PM,0.1330857,0.8943047,0.2505975,1.09352,358.3086,50.68048
12:11:22.2946 PM,0.1354379,0.8933032,0.2494788,1.323934,358.4237,50.94357
12:11:22.3060 PM,0.1377952,0.8920717,0.2482715,1.609012,358.5463,51.19925
12:11:22.3165 PM,0.140689,0.8915156,0.2471304,1.910193,358.6815,51.42774
12:11:22.3283 PM,0.1430809,0.8902545,0.2457922,2.228114,358.8624,51.69455
12:11:22.3386 PM,0.1454691,0.8890706,0.2443879,2.83686,358.8959,51.8266
12:11:22.3500 PM,0.1476137,0.8873276,0.2428601,3.144796,359.1633,51.88882
12:11:22.3615 PM,0.1501366,0.8861651,0.2413266,3.326914,359.4974,51.84844
12:11:22.3726 PM,0.1524253,0.8850352,0.2394896,3.551551,359.7323,51.91342
12:11:22.3836 PM,0.1546399,0.8838877,0.2377458,3.764119,359.986,52.0437
12:11:22.3946 PM,0.1569644,0.8827664,0.2356751,3.978404,0.2280548,52.17342
12:11:22.4056 PM,0.1595648,0.8818881,0.2334528,4.228324,0.4786092,52.38585
12:11:22.4167 PM,0.1617154,0.8803983,0.2312479,4.544328,0.7606909,52.64716
12:11:22.4283 PM,0.1638668,0.8790262,0.2288296,4.801809,1.097741,52.80705
12:11:22.4386 PM,0.1660092,0.8778014,0.2266662,5.048365,1.506459,52.93946
12:11:22.4506 PM,0.1681137,0.8765433,0.2244823,5.306116,1.902113,53.04155
12:11:22.4611 PM,0.1700827,0.8753144,0.2217228,5.547451,2.295709,52.996
12:11:22.4726 PM,0.1720535,0.873904,0.2190299,5.786069,2.669812,52.94209
12:11:22.4836 PM,0.1731006,0.8739372,0.219563,6.070425,2.974384,52.88256
12:11:22.4946 PM,0.1745381,0.8730462,0.2172709,6.264032,3.246471,52.77007
12:11:22.5056 PM,0.1756896,0.8720936,0.2149701,6.434987,3.496444,52.73983
12:11:22.5167 PM,0.176844,0.871339,0.212805,6.683609,3.726875,52.75313
12:11:22.5283 PM,0.1777932,0.8701955,0.2103441,6.92837,3.966186,52.71402
12:11:22.5386 PM,0.1786699,0.8693016,0.2082634,7.169421,4.206259,52.69659
12:11:22.5494 PM,0.1790915,0.8682088,0.2057071,7.464111,4.393603,52.72539
12:11:22.5614 PM,0.1793243,0.8673183,0.2037613,7.752635,4.591504,52.78141
12:11:22.5725 PM,0.1796175,0.8664899,0.201678,8.00887,4.736182,52.74709
12:11:22.5835 PM,0.1796939,0.865791,0.1996028,8.191422,4.871095,52.72633
12:11:22.5940 PM,0.1792417,0.8652056,0.1975634,8.317553,4.932409,52.72707
12:11:22.6056 PM,0.1789488,0.8647383,0.1956301,8.411825,4.99798,52.72781
12:11:22.6167 PM,0.1782242,0.8647764,0.1940145,8.41657,4.993289,52.58757
12:11:22.6268 PM,0.1776561,0.8645043,0.1923113,8.470878,5.086101,52.48367
12:11:22.6385 PM,0.1767292,0.8645777,0.1910264,8.455199,5.151451,52.35438
12:11:22.6496 PM,0.1756684,0.864809,0.1897972,8.485877,5.164677,52.25292
12:11:22.6606 PM,0.1741846,0.8649005,0.1888199,8.466216,5.115751,52.29998
12:11:22.6726 PM,0.1726983,0.8652673,0.1880364,8.425031,5.003079,52.3148
12:11:22.6836 PM,0.1710613,0.8656065,0.1872535,8.372001,4.869333,52.21827
12:11:22.6946 PM,0.1692988,0.8660302,0.1868033,8.265543,4.646797,51.99908
12:11:22.7058 PM,0.1673056,0.8667464,0.1862192,8.118089,4.396429,51.81696
12:11:22.7167 PM,0.1651768,0.8674658,0.1860232,7.947594,4.158888,51.68689
12:11:22.7268 PM,0.1631498,0.868174,0.1858273,7.762855,3.952575,51.58538
12:11:22.7387 PM,0.1610826,0.8689516,0.1857772,7.504766,3.751275,51.55736
12:11:22.7497 PM,0.1590806,0.8695252,0.1850753,7.279068,3.593313,51.49454
12:11:22.7611 PM,0.1570482,0.8704146,0.1853957,7.015245,3.484967,51.35142
12:11:22.7720 PM,0.1549813,0.8712485,0.185864,6.799636,3.331741,51.08649
12:11:22.7826 PM,0.1529555,0.8720273,0.1862788,6.625064,3.188285,50.77951
12:11:22.7948 PM,0.1509377,0.8727096,0.1866894,6.418704,3.062363,50.55215
12:11:22.8056 PM,0.1489581,0.8733755,0.187243,6.245852,2.916811,50.39811
12:11:22.8163 PM,0.1469612,0.874041,0.1879735,6.069038,2.762511,50.29173
12:11:22.8266 PM,0.1449825,0.8747121,0.1886964,5.890409,2.605973,50.18424
12:11:22.8387 PM,0.1430341,0.8754034,0.1895823,5.714022,2.435157,50.0752
12:11:22.8497 PM,0.141194,0.8763194,0.1900697,5.514184,2.277675,49.88729
12:11:22.8607 PM,0.1394446,0.8770277,0.1907156,5.245016,2.116967,49.70493
12:11:22.8720 PM,0.1375618,0.8779449,0.1916625,4.980875,1.926325,49.5879
12:11:22.8834 PM,0.1356896,0.8788233,0.1926055,4.738584,1.737712,49.48568
12:11:22.8946 PM,0.1338434,0.8797553,0.1936457,4.479448,1.513584,49.36543
12:11:22.9058 PM,0.1319993,0.8805066,0.1937988,4.207894,1.29314,49.24141
12:11:22.9164 PM,0.1302783,0.8814949,0.194813,3.943305,1.083933,49.13123
12:11:22.9265 PM,0.1285557,0.8824123,0.1958447,3.720652,0.8498797,49.09965
12:11:22.9386 PM,0.1269923,0.8832185,0.1961663,3.521298,0.6280558,49.08089
12:11:22.9499 PM,0.125473,0.8837344,0.1963711,3.312232,0.4379709,49.02095
12:11:22.9605 PM,0.1239227,0.8846533,0.1973333,3.088889,0.2285096,48.95908
12:11:22.9720 PM,0.1219389,0.8866909,0.2013347,2.919644,0.01628841,48.98025
12:11:22.9835 PM,0.1205238,0.8876225,0.2024014,2.688902,359.8393,48.92027
12:11:22.9945 PM,0.1192873,0.8887166,0.203547,2.417083,359.6785,48.83803
12:11:23.0055 PM,0.1180716,0.8897938,0.2046597,2.164772,359.4987,48.8015
12:11:23.0166 PM,0.1168645,0.8907173,0.2055256,1.960635,359.342,48.83515
12:11:23.0281 PM,0.1157407,0.891555,0.2064242,1.768622,359.1819,48.86176
12:11:23.0386 PM,0.1146673,0.892479,0.2074523,1.577918,359.0223,48.87613
12:11:23.0496 PM,0.1138342,0.8933222,0.208267,1.383902,358.8992,48.80749
12:11:23.0607 PM,0.1129848,0.8942524,0.2095096,1.201469,358.7714,48.73781
12:11:23.0722 PM,0.1122275,0.8951223,0.2104836,0.994274,358.6418,48.7711
12:11:23.0832 PM,0.1114527,0.8959612,0.2114501,0.8051674,358.511,48.85037
12:11:23.0941 PM,0.1108415,0.8968103,0.2122717,0.5811113,358.3972,48.92739
12:11:23.1060 PM,0.1102496,0.8978118,0.2130427,0.3284837,358.2885,48.89533
12:11:23.1168 PM,0.1098338,0.8991234,0.2143683,0.08322946,358.133,48.87825
12:11:23.1283 PM,0.1093167,0.9000889,0.2151768,359.8676,358.0432,48.86634
12:11:23.1385 PM,0.1087205,0.9009353,0.2159636,359.6616,357.961,48.78436
12:11:23.1506 PM,0.1084428,0.9017499,0.2168791,359.4868,357.9415,48.60361
12:11:23.1611 PM,0.1080283,0.902917,0.2187073,359.4289,357.9001,48.53824
12:11:23.1726 PM,0.1079123,0.9033175,0.2199748,359.3924,357.9523,48.44754
12:11:23.1836 PM,0.1078195,0.9039279,0.2208834,359.2989,357.9937,48.38031
12:11:23.1946 PM,0.1080548,0.9043697,0.2215998,359.2913,357.9946,48.37432
12:11:23.2057 PM,0.1080537,0.9050105,0.2223945,359.237,358.0085,48.34218
12:11:23.2167 PM,0.1082088,0.905341,0.2231035,359.1928,357.9885,48.29877
12:11:23.2272 PM,0.1079336,0.9059996,0.2237394,359.0496,357.986,48.1808
12:11:23.2387 PM,0.1080415,0.9066705,0.2243574,358.8902,357.9658,48.08093
12:11:23.2497 PM,0.108176,0.9073323,0.2250426,358.7245,357.9529,48.04015
12:11:23.2607 PM,0.1081026,0.9080923,0.2257493,358.5911,357.9427,48.04697
12:11:23.2720 PM,0.1081772,0.9086305,0.2265022,358.4922,357.9252,48.12458
12:11:23.2835 PM,0.1080171,0.9091256,0.2271752,358.4055,357.9226,48.16193
12:11:23.2946 PM,0.1079529,0.9095904,0.2279763,358.3235,357.9145,48.16006
12:11:23.3056 PM,0.1078547,0.9102232,0.228713,358.2567,357.8873,48.1217
12:11:23.3166 PM,0.1077387,0.9106994,0.2294624,358.1822,357.8441,48.11279
12:11:23.3271 PM,0.1073445,0.9113401,0.2300148,358.0995,357.7893,48.13873
12:11:23.3387 PM,0.1068307,0.9117157,0.2305241,357.983,357.7032,48.17931
12:11:23.3502 PM,0.1065623,0.9123055,0.2311609,357.8505,357.6015,48.16422
12:11:23.3607 PM,0.1060755,0.9128407,0.2317595,357.7459,357.5104,48.13508
12:11:23.3717 PM,0.1056947,0.9132977,0.2323523,357.6407,357.3683,48.16922
12:11:23.3837 PM,0.10527,0.9137561,0.2328541,357.5493,357.266,48.1688
12:11:23.3935 PM,0.1048803,0.913979,0.2333987,357.5135,357.1241,48.13288
12:11:23.4055 PM,0.1043072,0.9140535,0.2337198,357.5333,356.984,48.07084
12:11:23.4162 PM,0.1039732,0.914166,0.2343116,357.5623,356.8307,48.01717
12:11:23.4267 PM,0.1034194,0.9137757,0.2345345,357.6642,356.6898,47.97734
12:11:23.4382 PM,0.1028953,0.9134137,0.2348309,357.8043,356.5638,47.94844
12:11:23.4500 PM,0.1026054,0.9127856,0.2350688,357.9337,356.4781,47.87878
12:11:23.4605 PM,0.1022425,0.912448,0.2353773,358.0043,356.3737,47.81303
12:11:23.4715 PM,0.1021266,0.9117414,0.2354066,358.0843,356.3386,47.80603
12:11:23.4827 PM,0.1020529,0.911394,0.2352967,358.0512,356.2831,47.91239
12:11:23.4942 PM,0.1019501,0.9109797,0.2353611,358.0114,356.2368,47.99325
12:11:23.5057 PM,0.1020214,0.9104574,0.2353117,357.9674,356.2353,48.07603
12:11:23.5166 PM,0.1023098,0.9100282,0.2348757,358.055,356.268,48.10934
12:11:23.5269 PM,0.1023996,0.9090608,0.2349732,358.2274,356.3164,48.21152
12:11:23.5386 PM,0.1025088,0.9084016,0.2352157,358.4316,356.3804,48.27636
12:11:23.5496 PM,0.1027611,0.9073831,0.235096,358.6887,356.4948,48.21748
12:11:23.5606 PM,0.1031106,0.9066845,0.235065,358.8792,356.6133,48.11627
12:11:23.5719 PM,0.1033076,0.9059814,0.2349639,358.991,356.7267,47.96829
12:11:23.5824 PM,0.1038546,0.9055423,0.2341309,359.0228,356.789,47.9398
12:11:23.5935 PM,0.1043818,0.9054492,0.2342243,359.0643,356.8406,47.99364
12:11:23.6055 PM,0.1041275,0.9053103,0.2344074,359.0249,356.8331,48.18716
12:11:23.6165 PM,0.1042903,0.9053085,0.2346582,359.0422,356.8353,48.27522
12:11:23.6277 PM,0.1042778,0.9052401,0.2348614,359.0403,356.8503,48.32674
12:11:23.6388 PM,0.1041034,0.9049809,0.2349646,359.057,356.8847,48.33006
12:11:23.6496 PM,0.1039758,0.9048357,0.2352698,359.1094,356.9371,48.2655
12:11:23.6606 PM,0.103742,0.9047253,0.2357101,359.1712,357.014,48.15572
12:11:23.6720 PM,0.1034663,0.9045083,0.236012,359.2495,357.0887,48.05713
12:11:23.6824 PM,0.1032157,0.9041457,0.2365365,359.3799,357.2281,47.85189
12:11:23.6934 PM,0.1031047,0.9036643,0.2368648,359.5184,357.3741,47.53722
12:11:23.7055 PM,0.1025556,0.9033509,0.2376916,359.7678,357.6017,47.06996
12:11:23.7160 PM,0.1021379,0.9032503,0.2384312,0.1171118,357.8545,46.56271
12:11:23.7275 PM,0.1014051,0.9025912,0.2396359,0.6643568,358.2652,45.58464
12:11:23.7386 PM,0.1008176,0.9021028,0.2410364,1.250805,358.678,44.37535
12:11:23.7496 PM,0.09985089,0.9012743,0.2426882,2.097343,359.1889,42.71878
12:11:23.7608 PM,0.09891999,0.9002346,0.2448785,3.181406,359.9096,40.26743
12:11:23.7723 PM,0.09881145,0.8995053,0.2464643,4.113617,0.4650666,38.19436
12:11:23.7832 PM,0.09753105,0.8981318,0.248661,5.3309,0.9567338,35.58664
12:11:23.7935 PM,0.09609908,0.8968156,0.2506926,6.47135,1.2588,33.28626
12:11:23.8047 PM,0.09427872,0.8955977,0.252584,7.769543,1.146115,31.27989
12:11:23.8165 PM,0.09233597,0.8945463,0.2545009,8.786872,0.8152443,29.9432
12:11:23.8267 PM,0.08975607,0.8937571,0.2567685,9.510099,0.4726862,28.76802
12:11:23.8387 PM,0.08730185,0.8940946,0.2585495,9.601669,359.9109,28.63841
12:11:23.8495 PM,0.08415353,0.8941703,0.2613173,9.644119,359.3275,28.88561
12:11:23.8605 PM,0.08176181,0.89393,0.2633271,9.836474,358.9126,28.73387
12:11:23.8716 PM,0.07968509,0.8931361,0.2654219,10.27526,358.7143,28.18526
12:11:23.8826 PM,0.0776982,0.8921212,0.2684934,10.97714,358.7699,27.30966
12:11:23.8936 PM,0.07608438,0.8905973,0.2706411,11.83181,358.9039,26.23356
12:11:23.9056 PM,0.07495284,0.8890619,0.2736676,13.01595,359.3274,24.86705
12:11:23.9166 PM,0.07395899,0.8877878,0.2762361,13.84568,359.7642,23.66349
12:11:23.9268 PM,0.07286498,0.8874403,0.2794707,14.27583,0.1359703,22.64739
12:11:23.9387 PM,0.07226279,0.8879997,0.2824125,14.02545,0.4811454,21.97362
12:11:23.9499 PM,0.07146817,0.8887386,0.2854102,13.6388,0.7478408,21.65426
12:11:23.9608 PM,0.07027847,0.890083,0.2892334,13.13813,0.9448863,21.59832
12:11:23.9723 PM,0.06945282,0.8908303,0.2929249,12.79501,1.166507,21.46148
12:11:23.9818 PM,0.06834206,0.8917639,0.29673,12.54922,1.383683,21.25943
12:11:23.9935 PM,0.06759098,0.8920849,0.3000283,12.49125,1.627159,21.01133
12:11:24.0055 PM,0.06654102,0.8924682,0.3038394,12.59903,1.803844,20.73915
12:11:24.0156 PM,0.06552863,0.892231,0.3073008,12.88062,1.953438,20.33997
12:11:24.0267 PM,0.06441218,0.892276,0.3111405,13.18736,2.073325,19.91708
12:11:24.0387 PM,0.06354392,0.8919081,0.3147128,13.65331,2.19838,19.43231
12:11:24.0497 PM,0.06251991,0.8920289,0.3185945,13.9938,2.33092,19.06454
12:11:24.0602 PM,0.0617345,0.8925255,0.3226786,14.08211,2.496707,19.01144
12:11:24.0713 PM,0.06083274,0.8934455,0.3269475,13.97637,2.607625,18.9079
12:11:24.0823 PM,0.05976999,0.8948694,0.3312483,13.75999,2.664259,18.73746
12:11:24.0944 PM,0.05887601,0.8959689,0.3354077,13.59782,2.725739,18.46227
12:11:24.1045 PM,0.05776134,0.8977467,0.3397527,13.33097,2.712402,18.10306
12:11:24.1165 PM,0.05673581,0.899412,0.3441777,13.13977,2.726645,17.74524
12:11:24.1277 PM,0.05558625,0.9011923,0.3484082,12.93407,2.696029,17.44632
12:11:24.1381 PM,0.0544847,0.9031962,0.3529766,12.67554,2.642587,17.28505
12:11:24.1496 PM,0.05323559,0.9054193,0.3571205,12.32857,2.512491,17.18057
12:11:24.1606 PM,0.05203894,0.9077259,0.3617725,12.00429,2.39998,17.07091
12:11:24.1718 PM,0.05093348,0.9098068,0.3663337,11.71978,2.306804,16.94402
12:11:24.1826 PM,0.04981494,0.9121329,0.3702569,11.41628,2.20165,16.88461
12:11:24.1944 PM,0.04882023,0.9146049,0.3746322,11.09669,2.155806,16.77496
12:11:24.2047 PM,0.0478248,0.9170439,0.3784299,10.73999,2.092029,16.62558
12:11:24.2158 PM,0.04711273,0.9199395,0.3823607,10.28689,2.146044,16.34551
12:11:24.2266 PM,0.04635319,0.9224741,0.3861781,9.8722,2.163086,16.08268
12:11:24.2387 PM,0.04575372,0.925007,0.3893439,9.464008,2.217019,15.69785
12:11:24.2498 PM,0.04510164,0.92744,0.3928032,9.126633,2.266811,15.4005
12:11:24.2608 PM,0.04453999,0.9295847,0.3956739,8.838507,2.316719,15.09848
12:11:24.2715 PM,0.04401341,0.9317615,0.3988396,8.572091,2.373702,14.84602
12:11:24.2825 PM,0.04362798,0.9336306,0.4013054,8.338613,2.471772,14.57592
12:11:24.2933 PM,0.04318854,0.9355596,0.4040862,8.099796,2.589123,14.39305
12:11:24.3047 PM,0.04280916,0.9373984,0.4066485,7.841995,2.685677,14.35104
12:11:24.3162 PM,0.04245642,0.938961,0.4085033,7.5606,2.766339,14.3073
12:11:24.3272 PM,0.04200822,0.9406517,0.4105457,7.29301,2.855152,14.19075
12:11:24.3377 PM,0.04169711,0.9419274,0.4119532,7.027485,2.908427,14.09681
12:11:24.3495 PM,0.04125392,0.9432997,0.4137638,6.792542,2.963851,14.02972
12:11:24.3605 PM,0.04098114,0.9441172,0.4147573,6.606783,3.002854,13.95572
12:11:24.3715 PM,0.04056206,0.9448973,0.4159578,6.497336,3.067559,13.8718
12:11:24.3825 PM,0.04032221,0.9454223,0.416772,6.40721,3.113297,13.76981
12:11:24.3935 PM,0.04004759,0.9457257,0.4176166,6.3971,3.182456,13.67497
12:11:24.4056 PM,0.03985766,0.9456306,0.4178655,6.417803,3.204749,13.67272
12:11:24.4156 PM,0.03957292,0.945496,0.4180709,6.466835,3.229737,13.76488
12:11:24.4267 PM,0.03918254,0.9453946,0.4186929,6.497103,3.254464,13.84655
12:11:24.4379 PM,0.0389311,0.9447423,0.4184191,6.581476,3.246845,14.03621
12:11:24.4497 PM,0.03850621,0.9441569,0.41817,6.674372,3.236156,14.25422
12:11:24.4605 PM,0.03817654,0.9433412,0.4176135,6.79541,3.192021,14.47163
12:11:24.4715 PM,0.03771955,0.942566,0.417033,6.901568,3.135863,14.61698
12:11:24.4825 PM,0.03727299,0.9415931,0.4162583,7.038742,3.025634,14.74312
12:11:24.4935 PM,0.03653732,0.9407073,0.4160082,7.205331,2.900845,14.81071
12:11:24.5046 PM,0.03607747,0.93952,0.4149698,7.413612,2.76209,14.85329
12:11:24.5157 PM,0.03546557,0.9384385,0.4143087,7.635175,2.602063,14.9012
12:11:24.5267 PM,0.03493679,0.9373215,0.4136448,7.840629,2.449674,14.95732
12:11:24.5387 PM,0.03442907,0.9361118,0.4124599,8.047752,2.256555,15.0145
12:11:24.5487 PM,0.03386897,0.9350585,0.4115441,8.237448,2.086479,15.09662
12:11:24.5607 PM,0.03344029,0.9338511,0.4102485,8.411964,1.909629,15.2661
12:11:24.5717 PM,0.03311777,0.9325861,0.4090226,8.571387,1.770285,15.48962
12:11:24.5827 PM,0.03289238,0.9313591,0.4078428,8.74851,1.662239,15.68219
12:11:24.5932 PM,0.03279334,0.9301414,0.4064622,8.934779,1.59629,15.85474
12:11:24.6043 PM,0.03267059,0.9287739,0.4050376,9.133465,1.569265,16.00664
12:11:24.6157 PM,0.0327813,0.9275629,0.4035915,9.338355,1.573053,16.10338
12:11:24.6267 PM,0.03284824,0.9263674,0.4021389,9.5294,1.564221,16.17904
12:11:24.6377 PM,0.03312895,0.9252734,0.4006335,9.696079,1.61033,16.26377
12:11:24.6488 PM,0.03347892,0.9242178,0.3991868,9.839601,1.673807,16.35535
12:11:24.6604 PM,0.03382635,0.9231629,0.3976792,9.98418,1.741042,16.42246
12:11:24.6714 PM,0.03443581,0.9220026,0.3958427,10.12266,1.864818,16.42999
12:11:24.6824 PM,0.03503522,0.9208869,0.3941238,10.26886,2.017202,16.49286
12:11:24.6934 PM,0.03554022,0.919788,0.3924881,10.43511,2.155959,16.57463
12:11:24.7047 PM,0.03632861,0.9185205,0.3903852,10.62261,2.32716,16.65001
12:11:24.7159 PM,0.03689131,0.9172917,0.3885976,10.85019,2.469306,16.65045
12:11:24.7276 PM,0.0375149,0.9159567,0.3867776,11.068,2.583043,16.63516
12:11:24.7376 PM,0.03791213,0.9145991,0.3849101,11.30853,2.635636,16.65671
12:11:24.7486 PM,0.03837857,0.9130347,0.3825136,11.54285,2.664411,16.74511
12:11:24.7604 PM,0.03890109,0.9114296,0.3802468,11.79935,2.694983,16.86024
12:11:24.7715 PM,0.03922364,0.9098337,0.3782117,12.07105,2.702867,17.00926
12:11:24.7825 PM,0.03953999,0.9082641,0.3761927,12.33571,2.713527,17.14007
12:11:24.7935 PM,0.0399881,0.9064296,0.3737974,12.6062,2.71307,17.23525
12:11:24.8046 PM,0.04042864,0.904642,0.371382,12.85558,2.726726,17.34447
12:11:24.8157 PM,0.04080316,0.9029669,0.3692269,13.09007,2.772421,17.51254
12:11:24.8265 PM,0.04119733,0.9010552,0.366518,13.32864,2.820304,17.70327
12:11:24.8386 PM,0.04157633,0.8993459,0.364347,13.57951,2.879899,17.86491
12:11:24.8487 PM,0.04207048,0.8974393,0.3620133,13.86839,2.963923,17.97244
12:11:24.8605 PM,0.04250017,0.8956026,0.3594201,14.16138,3.045925,18.06074
12:11:24.8709 PM,0.04289284,0.893798,0.3571925,14.47666,3.168963,18.11692
12:11:24.8824 PM,0.04328504,0.8919215,0.3549044,14.81496,3.307513,18.17319
12:11:24.8936 PM,0.04370153,0.8901333,0.3526802,15.1569,3.479463,18.13858
12:11:24.9046 PM,0.04418033,0.8883094,0.350251,15.43626,3.613691,18.10455
12:11:24.9157 PM,0.04445371,0.8867647,0.3481283,15.65408,3.712014,18.12881
12:11:24.9268 PM,0.04481724,0.8851039,0.3458252,15.86701,3.784513,18.19893
12:11:24.9383 PM,0.04508039,0.88341,0.3432662,16.05874,3.814274,18.35751
12:11:24.9485 PM,0.04514268,0.8819748,0.3412056,16.24424,3.826453,18.57053
12:11:24.9595 PM,0.04510477,0.8804137,0.3391991,16.45558,3.827166,18.74943
12:11:24.9716 PM,0.04511109,0.8789925,0.3372099,16.67896,3.850509,18.94089
12:11:24.9821 PM,0.04516092,0.8773984,0.3349981,16.91306,3.89105,19.1115
12:11:24.9935 PM,0.04516631,0.8759378,0.3330691,17.18908,3.960342,19.28237
12:11:25.0048 PM,0.0450854,0.8744054,0.3312137,17.49982,4.048386,19.44467
12:11:25.0155 PM,0.04505804,0.8727707,0.329221,17.84374,4.111136,19.63061
12:11:25.0266 PM,0.04478332,0.8710585,0.3273025,18.18708,4.150217,20.00907
12:11:25.0380 PM,0.04437223,0.8693326,0.3257625,18.58943,4.128092,20.72154
12:11:25.0487 PM,0.04395667,0.8677708,0.3239062,18.96122,4.066002,21.19008
12:11:25.0600 PM,0.04367968,0.8662277,0.3220105,19.30061,3.960919,21.30768
12:11:25.0715 PM,0.04326442,0.8648904,0.3203096,19.58564,3.831214,21.50519
12:11:25.0826 PM,0.04283381,0.8634094,0.318511,19.85788,3.740896,21.76854
12:11:25.0936 PM,0.04244879,0.8623056,0.3168669,20.06095,3.647314,21.95129
12:11:25.1046 PM,0.0421218,0.8610195,0.315254,20.25004,3.534029,22.14856
12:11:25.1156 PM,0.04164082,0.8598661,0.3137801,20.44707,3.427587,22.4276
12:11:25.1267 PM,0.04106328,0.858579,0.3122098,20.60756,3.303031,22.9349
12:11:25.1380 PM,0.04044479,0.8572574,0.3106782,20.79874,3.183414,23.33699
12:11:25.1485 PM,0.03995124,0.856166,0.3094752,20.94717,3.074636,23.70776
12:11:25.1595 PM,0.0395537,0.8548568,0.3075209,21.06197,2.987002,24.14786
12:11:25.1710 PM,0.03908613,0.8538071,0.306416,21.19931,2.932944,24.70913
12:11:25.1825 PM,0.03856131,0.852769,0.3053117,21.33919,2.855772,25.18819
12:11:25.1935 PM,0.0380967,0.8517797,0.3041227,21.49342,2.814483,25.57944
12:11:25.2035 PM,0.03752694,0.8505931,0.3026967,21.67912,2.729406,25.74565
12:11:25.2155 PM,0.03693706,0.849537,0.3014777,21.87855,2.605422,25.92662
12:11:25.2269 PM,0.03610685,0.8482484,0.2997944,22.12891,2.321407,25.93954
12:11:25.2377 PM,0.03528529,0.8471987,0.2988937,22.35339,2.089073,26.06163
12:11:25.2485 PM,0.0342688,0.8460377,0.2977395,22.56142,1.807367,26.10959
12:11:25.2596 PM,0.03346041,0.8449279,0.2965293,22.72272,1.559329,26.19333
12:11:25.2710 PM,0.03272268,0.8439623,0.2957017,22.8646,1.328341,26.36103
12:11:25.2815 PM,0.03153777,0.8427916,0.2951858,23.03395,1.018802,26.70952
12:11:25.2935 PM,0.03064185,0.8416747,0.2945554,23.17096,0.833692,27.31292
12:11:25.3046 PM,0.02962393,0.8403033,0.2939968,23.33335,0.6082239,28.54178
12:11:25.3158 PM,0.02866206,0.839125,0.2931685,23.5143,0.4296638,29.51829
12:11:25.3264 PM,0.02785331,0.8380482,0.292464,23.70345,0.2731239,30.35169
12:11:25.3382 PM,0.02695492,0.8369684,0.2915416,23.87608,0.1120854,30.89022
12:11:25.3490 PM,0.02637169,0.8364879,0.2904856,23.90646,0.03485806,30.9686
12:11:25.3597 PM,0.02571335,0.8359756,0.2894948,23.88088,359.9712,30.64065
12:11:25.3707 PM,0.02500719,0.8354337,0.288801,23.94046,359.8786,30.51808
12:11:25.3822 PM,0.02387866,0.8344753,0.2881646,24.1238,359.7704,30.48202
12:11:25.3926 PM,0.02289927,0.8335963,0.2876222,24.29542,359.6863,30.57638
12:11:25.4046 PM,0.02200288,0.8329633,0.2868423,24.41245,359.6232,30.67382
12:11:25.4156 PM,0.02120796,0.8322965,0.2860818,24.50822,359.5129,30.75694
12:11:25.4262 PM,0.02010459,0.8318372,0.2852981,24.52702,359.3333,30.91484
12:11:25.4372 PM,0.01897284,0.8313751,0.2847359,24.5699,359.1401,31.08713
12:11:25.4483 PM,0.01772031,0.8309374,0.2838888,24.57502,358.8696,31.29971
12:11:25.4597 PM,0.01627514,0.8304731,0.2831287,24.62625,358.5329,31.44658
12:11:25.4706 PM,0.01492846,0.8299724,0.2822058,24.67038,358.2023,31.57189
12:11:25.4820 PM,0.01347113,0.8293633,0.2808487,24.73728,357.816,31.60837
12:11:25.4935 PM,0.01198769,0.8287799,0.2798753,24.81441,357.4564,31.63716
12:11:25.5046 PM,0.01064682,0.8281518,0.2788293,24.89004,357.1277,31.71494
12:11:25.5156 PM,0.009186327,0.8276951,0.278132,24.96742,356.8306,31.80965
12:11:25.5266 PM,0.007963181,0.8270162,0.2770483,25.04481,356.5792,31.96391
12:11:25.5377 PM,0.006819367,0.8262665,0.2751741,25.11423,356.3684,32.12731
12:11:25.5487 PM,0.005723774,0.8256535,0.274034,25.21215,356.1789,32.26472
12:11:25.5597 PM,0.004508853,0.8251288,0.2728672,25.33642,355.9497,32.32163
12:11:25.5710 PM,0.003402948,0.8245786,0.2717674,25.45097,355.6978,32.37451
12:11:25.5815 PM,0.002118647,0.8240719,0.2705507,25.6393,355.3402,32.24684
12:11:25.5934 PM,0.001030445,0.8237521,0.2697716,25.76967,355.0905,32.12195
12:11:25.6035 PM,0.0001851916,0.823278,0.268882,25.86023,354.9248,31.94728
12:11:25.6156 PM,-0.0005356073,0.8226856,0.267751,25.95493,354.7848,31.86162
12:11:25.6266 PM,-0.0008299947,0.8225688,0.2673094,25.9943,354.7494,31.79652
12:11:25.6370 PM,-0.001017928,0.8226528,0.2668936,25.97747,354.8015,31.83561
12:11:25.6487 PM,-0.001049459,0.822856,0.2668064,25.94292,354.907,31.91069
12:11:25.6598 PM,-0.0007688999,0.8231159,0.2666829,25.86544,355.074,32.05101
12:11:25.6708 PM,-0.0006477237,0.8233557,0.2666109,25.8256,355.1652,32.12879
12:11:25.6815 PM,-0.0002431273,0.8237101,0.2666163,25.73299,355.3201,32.23985
12:11:25.6934 PM,9.834766E-06,0.8237481,0.2662742,25.64524,355.4226,32.28486
12:11:25.7045 PM,0.0003370047,0.8240849,0.266257,25.558,355.5183,32.33245
12:11:25.7155 PM,0.000513494,0.824106,0.2658556,25.50611,355.5884,32.36818
12:11:25.7267 PM,0.0006973147,0.8243615,0.2657545,25.44864,355.6151,32.4046
12:11:25.7380 PM,0.0007231832,0.8244444,0.2654104,25.43289,355.5803,32.37598
12:11:25.7487 PM,0.0008054972,0.824604,0.26507,25.41349,355.5663,32.35286
12:11:25.7597 PM,0.000734508,0.8246648,0.2647614,25.43684,355.4868,32.27827
12:11:25.7711 PM,0.0005300641,0.8246015,0.2645075,25.48328,355.3994,32.23064
12:11:25.7816 PM,0.0003044009,0.82451,0.2640753,25.56059,355.2674,32.18806
12:11:25.7926 PM,-4.768372E-05,0.8242884,0.2633646,25.62901,355.1189,32.19594
12:11:25.8041 PM,-0.0003868341,0.8241386,0.262876,25.68444,354.9575,32.25374
12:11:25.8157 PM,-0.000793159,0.8239639,0.2624669,25.74199,354.8089,32.34859
12:11:25.8267 PM,-0.001107454,0.8237921,0.2619836,25.78788,354.6698,32.41413
12:11:25.8377 PM,-0.00148946,0.8235121,0.2615638,25.84551,354.543,32.46645
12:11:25.8490 PM,-0.001783133,0.8233204,0.2610888,25.89613,354.4299,32.50869
12:11:25.8597 PM,-0.002277732,0.823027,0.2606418,25.98019,354.3361,32.49511
12:11:25.8713 PM,-0.002687156,0.8226632,0.2598774,26.04487,354.2366,32.46696
12:11:25.8818 PM,-0.002903938,0.8224217,0.2595046,26.1331,354.1715,32.40343
12:11:25.8934 PM,-0.00325036,0.8221436,0.2590375,26.22411,354.0943,32.38185
12:11:25.9035 PM,-0.003410161,0.8219834,0.2587802,26.27863,354.0435,32.37444
12:11:25.9143 PM,-0.003772855,0.8220147,0.2586703,26.31864,353.9685,32.39976
12:11:25.9257 PM,-0.003872931,0.821955,0.2585845,26.3467,353.9457,32.4233
12:11:25.9370 PM,-0.004209816,0.8218792,0.2585778,26.36429,353.8794,32.38972
12:11:25.9486 PM,-0.004434526,0.8219039,0.2585344,26.33639,353.838,32.42977
12:11:25.9596 PM,-0.0045048,0.8220396,0.2586257,26.28124,353.8006,32.51125
12:11:25.9706 PM,-0.004817963,0.8220394,0.2588804,26.24223,353.7462,32.61714
12:11:25.9811 PM,-0.004916191,0.8221805,0.259002,26.18713,353.7066,32.7017
12:11:25.9926 PM,-0.005201757,0.8225588,0.2596152,26.14001,353.6658,32.7577
12:11:26.0045 PM,-0.005249619,0.8228053,0.2598281,26.06401,353.6523,32.82875
12:11:26.0145 PM,-0.005633354,0.8230251,0.2601106,25.98058,353.6355,32.94129
12:11:26.0265 PM,-0.005867958,0.823239,0.2603607,25.9115,353.5995,33.04573
12:11:26.0371 PM,-0.006063461,0.8234753,0.2605176,25.82614,353.5475,33.15178
12:11:26.0486 PM,-0.006435812,0.8235243,0.2602863,25.75259,353.4814,33.20618
12:11:26.0596 PM,-0.00666213,0.8237291,0.260392,25.67629,353.4134,33.26466
12:11:26.0706 PM,-0.006986916,0.8236979,0.2597966,25.63451,353.3227,33.2759
12:11:26.0816 PM,-0.007233441,0.8237868,0.259799,25.60085,353.2497,33.29176
12:11:26.0918 PM,-0.007426679,0.8236732,0.2593472,25.57574,353.2056,33.3081
12:11:26.1043 PM,-0.007644057,0.8238496,0.2593765,25.55324,353.1801,33.34303
12:11:26.1146 PM,-0.007824898,0.8237042,0.2592301,25.55275,353.157,33.39397
12:11:26.1259 PM,-0.008158445,0.8238851,0.2596703,25.54588,353.1282,33.39714
12:11:26.1375 PM,-0.008188903,0.8239198,0.2597051,25.51306,353.1357,33.3764
12:11:26.1477 PM,-0.008429706,0.8240337,0.2601209,25.49747,353.1373,33.38246
12:11:26.1597 PM,-0.008402109,0.8240202,0.2601779,25.48395,353.1589,33.39056
12:11:26.1704 PM,-0.00858748,0.8239122,0.2600183,25.48311,353.1913,33.39548
12:11:26.1819 PM,-0.008549571,0.8239133,0.2600842,25.47664,353.2286,33.36099
12:11:26.1924 PM,-0.008715272,0.823988,0.2604461,25.49345,353.2897,33.28576
12:11:26.2034 PM,-0.008621514,0.8239505,0.2605388,25.50527,353.3543,33.21032
12:11:26.2145 PM,-0.008576572,0.8237656,0.2602212,25.52066,353.4334,33.16587
12:11:26.2255 PM,-0.008601665,0.8236961,0.2603722,25.54224,353.5062,33.13791
12:11:26.2370 PM,-0.008491814,0.8236552,0.260493,25.55052,353.5851,33.12506
12:11:26.2487 PM,-0.008511841,0.8235838,0.2605534,25.553,353.6324,33.10383
12:11:26.2595 PM,-0.008432567,0.8236096,0.2606773,25.53166,353.6966,33.07504
12:11:26.2705 PM,-0.008555353,0.8237293,0.2612188,25.51486,353.7497,33.03392
12:11:26.2819 PM,-0.008539319,0.8237723,0.2613726,25.4856,353.7897,32.99902
12:11:26.2924 PM,-0.008661926,0.8238006,0.2613425,25.46646,353.8186,32.96904
12:11:26.3035 PM,-0.008733809,0.8238134,0.2613628,25.4405,353.8542,32.96567
12:11:26.3146 PM,-0.008871853,0.8238701,0.2614586,25.42406,353.8498,33.01693
12:11:26.3267 PM,-0.009280026,0.8239229,0.2616785,25.43477,353.846,32.98977
12:11:26.3377 PM,-0.00944519,0.8239249,0.2617552,25.43383,353.8321,32.95956
12:11:26.3487 PM,-0.009762824,0.8239641,0.2618132,25.42057,353.807,32.96009
12:11:26.3597 PM,-0.01002067,0.8239803,0.2619052,25.40569,353.7583,33.02132
12:11:26.3707 PM,-0.01052034,0.8237055,0.2615879,25.42793,353.6779,33.06625
12:11:26.3812 PM,-0.01088578,0.8236389,0.2614489,25.43113,353.6262,33.06598
12:11:26.3921 PM,-0.01118875,0.8236816,0.2615707,25.41935,353.561,33.06339
12:11:26.4036 PM,-0.01164657,0.8237358,0.262162,25.40211,353.5186,33.05562
12:11:26.4147 PM,-0.01192605,0.8238242,0.2623141,25.36633,353.4705,33.07566
12:11:26.4265 PM,-0.01223981,0.8238189,0.2624011,25.37029,353.4329,33.08148
12:11:26.4375 PM,-0.01242864,0.8238465,0.2625206,25.37804,353.4189,33.05625
12:11:26.4476 PM,-0.01275313,0.8239694,0.2626803,25.39685,353.3896,33.09145
12:11:26.4597 PM,-0.01298052,0.823976,0.2627857,25.41316,353.3535,33.15728
12:11:26.4707 PM,-0.01327759,0.8237392,0.2624788,25.40461,353.2953,33.27714
12:11:26.4817 PM,-0.01370209,0.8237307,0.2625213,25.39263,353.2506,33.35391
12:11:26.4919 PM,-0.01397359,0.8238758,0.2626786,25.32301,353.1998,33.42062
12:11:26.5043 PM,-0.01440507,0.8241316,0.2630308,25.24708,353.156,33.46102
12:11:26.5145 PM,-0.01467216,0.8243573,0.2631843,25.16244,353.1304,33.50091
12:11:26.5257 PM,-0.01524818,0.8246207,0.2637634,25.10892,353.1269,33.54906
12:11:26.5370 PM,-0.01552898,0.8247438,0.26387,25.06517,353.0959,33.59441
12:11:26.5487 PM,-0.01603061,0.8247737,0.2638755,25.05523,353.0477,33.64167
12:11:26.5598 PM,-0.01635385,0.8247052,0.2638533,25.06442,352.9977,33.67083
12:11:26.5704 PM,-0.01666999,0.824742,0.2638917,25.04871,352.9521,33.72674
12:11:26.5814 PM,-0.01700145,0.82461,0.2636395,25.04791,352.9149,33.76473
12:11:26.5918 PM,-0.01724935,0.8246182,0.2636604,25.02897,352.8994,33.79989
12:11:26.6033 PM,-0.01752156,0.8244814,0.263,25.01216,352.9031,33.81251
12:11:26.6147 PM,-0.01768422,0.8244707,0.2630184,25.00969,352.9134,33.81027
12:11:26.6256 PM,-0.01804519,0.8245368,0.2631841,25.01436,352.9106,33.83649
12:11:26.6370 PM,-0.01817524,0.8244805,0.2632046,25.03013,352.9271,33.89327
12:11:26.6487 PM,-0.01844859,0.8241681,0.262759,25.05046,352.9238,33.892
12:11:26.6597 PM,-0.01861805,0.8241185,0.262743,25.07033,352.9279,33.85501
12:11:26.6706 PM,-0.01869035,0.8240234,0.2627633,25.09255,352.9472,33.80226
12:11:26.6817 PM,-0.0189414,0.8238478,0.2625721,25.11102,352.9568,33.77507
12:11:26.6927 PM,-0.01902324,0.8237575,0.26261,25.12941,352.9713,33.73954
12:11:26.7033 PM,-0.01916724,0.8233228,0.2618365,25.12581,352.9849,33.73422
12:11:26.7146 PM,-0.01932579,0.8234136,0.2619333,25.12499,353.0166,33.73642
12:11:26.7262 PM,-0.01948297,0.8231638,0.2618318,25.13635,353.0548,33.73277
12:11:26.7374 PM,-0.01970351,0.8230736,0.2621245,25.16076,353.0743,33.73257
12:11:26.7476 PM,-0.01983273,0.8230503,0.2622471,25.16856,353.0632,33.71908
12:11:26.7587 PM,-0.02005607,0.8230911,0.2622762,25.17963,353.0459,33.70819
12:11:26.7700 PM,-0.02022088,0.8231261,0.2624362,25.17749,353.0259,33.7216
12:11:26.7815 PM,-0.0205344,0.8231019,0.262758,25.18946,352.9882,33.73515
12:11:26.7925 PM,-0.02074277,0.8231919,0.2629592,25.16174,352.9442,33.79963
12:11:26.8035 PM,-0.02092063,0.8230986,0.262697,25.1323,352.9115,33.85267
12:11:26.8155 PM,-0.02116925,0.8232337,0.2629206,25.09055,352.8441,33.92434
12:11:26.8262 PM,-0.02154976,0.8234033,0.2630382,25.04037,352.7534,33.97038
12:11:26.8373 PM,-0.02198249,0.8236552,0.2634714,25.00411,352.689,34.04376
12:11:26.8476 PM,-0.02228904,0.8238477,0.2637105,24.94544,352.6046,34.13988
12:11:26.8596 PM,-0.02270186,0.8238369,0.2635572,24.89399,352.5144,34.24755
12:11:26.8700 PM,-0.02302498,0.8239658,0.2637446,24.85752,352.4179,34.31292
12:11:26.8814 PM,-0.02348828,0.8239358,0.2636085,24.82686,352.317,34.3693
12:11:26.8925 PM,-0.02382684,0.8240224,0.2637331,24.80497,352.2222,34.4471
12:11:26.9032 PM,-0.02444124,0.8239605,0.26387,24.79503,352.1193,34.5094
12:11:26.9145 PM,-0.024836,0.8240275,0.2639735,24.77092,352.0165,34.59657
12:11:26.9256 PM,-0.0254873,0.8239521,0.2638726,24.75723,351.9004,34.71152
12:11:26.9366 PM,-0.02595526,0.8239501,0.2637281,24.72474,351.795,34.79155
12:11:26.9477 PM,-0.02635318,0.8239873,0.2637236,24.71382,351.6785,34.83332
12:11:26.9587 PM,-0.02687097,0.8239039,0.2636111,24.69926,351.5674,34.90276
12:11:26.9707 PM,-0.02723747,0.8239092,0.2635412,24.7062,351.4583,34.97528
12:11:26.9819 PM,-0.02780485,0.8240385,0.2640562,24.71269,351.3566,35.02705
12:11:26.9924 PM,-0.02816081,0.824052,0.2640293,24.71623,351.254,35.08921
12:11:27.0033 PM,-0.02849674,0.8238435,0.2634656,24.72677,351.1586,35.17965
12:11:27.0147 PM,-0.02897131,0.823939,0.2635739,24.72217,351.0617,35.29099
12:11:27.0261 PM,-0.0292424,0.8240108,0.2635601,24.69312,350.9798,35.40168
12:11:27.0367 PM,-0.02969056,0.8240457,0.2631688,24.67234,350.8979,35.48265
12:11:27.0477 PM,-0.02993542,0.8242055,0.2631738,24.62231,350.8339,35.59837
12:11:27.0589 PM,-0.03037113,0.8247019,0.2649837,24.60645,350.7398,35.73159
12:11:27.0704 PM,-0.03058869,0.8251328,0.2652335,24.51326,350.6518,35.80361
12:11:27.0814 PM,-0.03076386,0.8254516,0.2654054,24.40256,350.5669,35.87795
12:11:27.0926 PM,-0.030846,0.8258368,0.265667,24.27033,350.4821,35.91865
12:11:27.1036 PM,-0.03080934,0.8262549,0.2660236,24.13558,350.3747,35.89289
12:11:27.1143 PM,-0.03065282,0.8266569,0.26648,24.01682,350.2085,35.72892
12:11:27.1256 PM,-0.03026652,0.8270755,0.2670765,23.90734,350.0947,35.41837
12:11:27.1367 PM,-0.02976632,0.8274824,0.2677355,23.81513,350.079,35.19324
12:11:27.1479 PM,-0.02869213,0.8279414,0.2685206,23.71855,350.3182,35.00056
12:11:27.1587 PM,-0.02725166,0.8284222,0.2694104,23.70043,350.7955,34.85911
12:11:27.1707 PM,-0.02565253,0.828866,0.2703359,23.73189,351.3994,34.81031
12:11:27.1817 PM,-0.02411467,0.8294979,0.2712808,23.75473,352.0292,34.66932
12:11:27.1922 PM,-0.02268893,0.8302632,0.2722309,23.75518,352.6092,34.28788
12:11:27.2033 PM,-0.02135426,0.8313773,0.2732854,23.6889,353.2001,33.48563
12:11:27.2146 PM,-0.02040106,0.8327275,0.2743125,23.52537,353.6323,32.59779
12:11:27.2258 PM,-0.01991999,0.8342515,0.2752292,23.30653,353.86,31.86342
12:11:27.2366 PM,-0.02000564,0.8358546,0.2759795,23.02843,353.8023,31.26101
12:11:27.2479 PM,-0.02009678,0.8374788,0.2767785,22.72497,353.7248,30.64756
12:11:27.2587 PM,-0.0208602,0.8393322,0.2774706,22.34676,353.3406,30.15289
12:11:27.2707 PM,-0.02192295,0.8412653,0.2780766,21.95068,352.8173,29.89968
12:11:27.2812 PM,-0.02325803,0.8432533,0.2786012,21.53265,352.1695,29.84899
12:11:27.2921 PM,-0.02437544,0.8452761,0.2792063,21.15698,351.6769,29.71764
12:11:27.3035 PM,-0.02576828,0.8476292,0.2798262,20.79087,351.1344,29.61699
12:11:27.3140 PM,-0.02713913,0.8503827,0.2806747,20.29541,350.6903,29.24676
12:11:27.3256 PM,-0.02849555,0.8536161,0.2817886,19.66314,350.3139,28.56446
12:11:27.3367 PM,-0.02952695,0.8568736,0.2829754,19.09245,350.0392,27.89161
12:11:27.3479 PM,-0.03102303,0.8608754,0.2843978,18.43257,349.7466,26.97604
12:11:27.3597 PM,-0.03262758,0.8651697,0.285974,17.77524,349.4667,26.07542
12:11:27.3707 PM,-0.03446895,0.869803,0.2876701,17.10285,349.1444,25.34562
12:11:27.3812 PM,-0.03642565,0.8744707,0.2893217,16.41426,348.7738,24.78449
12:11:27.3923 PM,-0.03847104,0.8798093,0.2911475,15.64131,348.3419,24.42983
12:11:27.4035 PM,-0.0414086,0.8855186,0.2929924,14.77154,347.6127,24.24733
12:11:27.4145 PM,-0.04469651,0.8916357,0.2948205,13.8135,346.7397,24.042
12:11:27.4259 PM,-0.04792589,0.8977577,0.2966084,12.83752,345.8922,23.75619
12:11:27.4365 PM,-0.05186981,0.9047169,0.2984147,11.76443,344.8388,23.55037
12:11:27.4478 PM,-0.05537963,0.9113326,0.3003383,10.77474,343.9962,23.23902
12:11:27.4587 PM,-0.05909133,0.9183224,0.3024464,9.813245,343.1832,22.91701
12:11:27.4700 PM,-0.06270504,0.9253554,0.3046589,8.869164,342.4526,22.48112
12:11:27.4815 PM,-0.06620044,0.9323723,0.3068545,7.895213,341.7438,21.9373
12:11:27.4925 PM,-0.06920248,0.9395102,0.3090489,6.962318,341.1182,21.22883
12:11:27.5035 PM,-0.07256311,0.9464665,0.3114829,6.077768,340.4971,20.74683
12:11:27.5149 PM,-0.07591766,0.9533144,0.3139536,5.225854,339.8917,20.60707
12:11:27.5255 PM,-0.07922947,0.9601308,0.3164845,4.39346,339.3235,20.72325
12:11:27.5365 PM,-0.08255708,0.9669771,0.3189762,3.55718,338.7549,20.83382
12:11:27.5476 PM,-0.08535755,0.9738561,0.3214071,2.758662,338.328,21.03751
12:11:27.5588 PM,-0.08848548,0.980992,0.3241427,1.822645,337.8644,21.03688
12:11:27.5705 PM,-0.09150201,0.9882817,0.3269455,0.8088525,337.4319,20.91042
12:11:27.5815 PM,-0.09449732,0.9955003,0.3296666,359.8252,336.9962,20.85629
12:11:27.5924 PM,-0.0973168,1.002753,0.3325143,358.8186,336.6345,20.92439
12:11:27.6037 PM,-0.09979063,1.009915,0.334909,357.8551,336.3328,21.14866
12:11:27.6145 PM,-0.1022924,1.016958,0.3378298,356.9404,336.1111,21.38128
12:11:27.6257 PM,-0.1047288,1.023978,0.3407407,356.0306,335.911,21.55809
12:11:27.6367 PM,-0.1069013,1.030926,0.3438015,355.154,335.8369,21.69263
12:11:27.6478 PM,-0.1085265,1.037915,0.3464894,354.297,335.8072,21.70507
12:11:27.6587 PM,-0.1104813,1.044734,0.3494725,353.4996,335.7803,21.7627
12:11:27.6700 PM,-0.1124558,1.051611,0.3523791,352.6816,335.728,21.78919
12:11:27.6805 PM,-0.1143892,1.058488,0.3552053,351.8545,335.6679,21.75023
12:11:27.6925 PM,-0.1163376,1.065375,0.3579545,351.0022,335.5858,21.71165
12:11:27.7035 PM,-0.1181738,1.072219,0.3601913,350.167,335.4501,21.69612
12:11:27.7146 PM,-0.1201495,1.07887,0.3626871,349.3758,335.2833,21.80767
12:11:27.7256 PM,-0.1221541,1.085328,0.3651252,348.6405,335.0815,22.00268
12:11:27.7367 PM,-0.1241475,1.091737,0.3675385,347.9233,334.8872,22.22614
12:11:27.7477 PM,-0.1261649,1.097849,0.3698144,347.2995,334.6638,22.57963
12:11:27.7585 PM,-0.1279442,1.104016,0.3714812,346.6198,334.4254,22.81445
12:11:27.7705 PM,-0.1298101,1.110222,0.3733221,345.8756,334.1969,22.97978
12:11:27.7805 PM,-0.1316627,1.116427,0.375252,345.1279,333.9748,23.10097
12:11:27.7920 PM,-0.1334212,1.122466,0.376902,344.3869,333.7481,23.1106
12:11:27.8034 PM,-0.1532567,1.122759,0.3859069,343.817,333.4556,23.19766
12:11:27.8156 PM,-0.1554074,1.128312,0.3875408,343.1721,333.2335,23.18332
12:11:27.8257 PM,-0.1578878,1.133702,0.3894446,342.6372,333.0256,23.21393
12:11:27.8367 PM,-0.1600428,1.138924,0.3910666,342.1006,332.8302,23.17964
12:11:27.8476 PM,-0.1621909,1.14379,0.3923208,341.6452,332.6435,23.10277
12:11:27.8589 PM,-0.1642401,1.148437,0.3937284,341.19,332.4715,22.99196
12:11:27.8704 PM,-0.1664363,1.152927,0.3945992,340.7617,332.2735,22.95111
12:11:27.8806 PM,-0.168523,1.157378,0.3958632,340.3556,332.0708,22.90269
12:11:27.8916 PM,-0.1706497,1.161443,0.3964047,340.0143,331.8659,22.90395
12:11:27.9036 PM,-0.1727086,1.165624,0.3968433,339.5829,331.6221,22.87645
12:11:27.9136 PM,-0.1747242,1.16985,0.397684,339.112,331.3667,22.79564
12:11:27.9256 PM,-0.1767188,1.17417,0.3981662,338.6412,331.1003,22.72886
12:11:27.9367 PM,-0.1786276,1.178382,0.3988942,338.15,330.8281,22.53474
12:11:27.9477 PM,-0.1804429,1.182552,0.3996409,337.7105,330.5829,22.31917
12:11:27.9585 PM,-0.1820118,1.186511,0.40007,337.3415,330.4875,21.95288
12:11:27.9700 PM,-0.1838498,1.190547,0.4035575,336.9534,330.5685,21.57954
12:11:27.9805 PM,-0.1852666,1.194502,0.4047191,336.6126,330.5941,21.16677
12:11:27.9925 PM,-0.1866679,1.198676,0.4078033,336.3097,330.8592,20.63023
12:11:28.0035 PM,-0.1879027,1.202256,0.4088795,336.0064,331.084,20.05821
12:11:28.0145 PM,-0.1889025,1.206147,0.410304,335.7289,331.2867,19.34638
12:11:28.0256 PM,-0.1898032,1.210278,0.4118479,335.3723,331.5259,18.63362
12:11:28.0367 PM,-0.1906173,1.214317,0.413286,335.1093,331.7526,17.66151
12:11:28.0477 PM,-0.1913152,1.21872,0.4159831,334.8766,332.0218,16.55417
12:11:28.0588 PM,-0.1920919,1.222679,0.4175408,334.6957,332.2384,15.4584
12:11:28.0705 PM,-0.1926954,1.226492,0.4196017,334.5524,332.495,14.35273
12:11:28.0805 PM,-0.1933786,1.230532,0.4214773,334.3716,332.7216,13.45484
12:11:28.0915 PM,-0.1941975,1.234319,0.4232107,334.2965,332.9059,12.60574
12:11:28.1035 PM,-0.1949119,1.2383,0.4257439,334.3022,333.1248,11.66026
12:11:28.1143 PM,-0.1955708,1.241971,0.4275873,334.4855,333.4238,10.34201
12:11:28.1257 PM,-0.1959191,1.245518,0.4290413,334.6928,333.7986,8.727459
12:11:28.1367 PM,-0.196078,1.249213,0.4311262,335.1371,334.3558,6.25664
12:11:28.1477 PM,-0.1957701,1.253038,0.4317538,335.5397,334.8593,3.599041
12:11:28.1586 PM,-0.1957304,1.257099,0.4323404,335.7328,335.2789,1.278857
12:11:28.1697 PM,-0.1960559,1.261456,0.433635,335.6681,335.5929,359.5297
12:11:28.1811 PM,-0.1962156,1.265835,0.4343091,335.5381,335.781,358.1675
12:11:28.1921 PM,-0.1970139,1.270405,0.4349666,335.1773,335.7174,357.4194
12:11:28.2036 PM,-0.1976319,1.274679,0.4351687,334.8546,335.5415,356.7874
12:11:28.2136 PM,-0.1986194,1.278837,0.4357305,334.5301,335.2958,356.3088
12:11:28.2256 PM,-0.1994589,1.28292,0.4359359,334.2801,335.0953,355.7573
12:11:28.2367 PM,-0.2006021,1.286783,0.4363207,334.0327,334.7284,355.7357
12:11:28.2477 PM,-0.2016976,1.290452,0.4369503,333.7997,334.377,355.5981
12:11:28.2585 PM,-0.2027978,1.294205,0.4374148,333.4988,334.0016,355.3553
12:11:28.2695 PM,-0.2040696,1.298089,0.4370445,332.9649,333.4634,355.4338
12:11:28.2806 PM,-0.2053454,1.301915,0.4373605,332.6104,333.0855,355.5303
12:11:28.2916 PM,-0.2060027,1.305332,0.4379179,332.3011,333.0128,355.0858
12:11:28.3021 PM,-0.2066138,1.308603,0.438603,332.0445,332.8633,354.1287
12:11:28.3136 PM,-0.2072551,1.311685,0.4395024,331.7603,332.6941,353.445
12:11:28.3256 PM,-0.2080998,1.314662,0.440526,331.5241,332.5717,353.1111
12:11:28.3367 PM,-0.2088015,1.317461,0.4415487,331.3862,332.531,353.155
12:11:28.3477 PM,-0.2095003,1.320041,0.4425956,331.3948,332.5721,352.9377
12:11:28.3585 PM,-0.2100462,1.322729,0.4436899,331.3286,332.5757,352.3976
12:11:28.3700 PM,-0.2105707,1.32549,0.4446787,331.1075,332.4233,351.7426
12:11:28.3805 PM,-0.211304,1.328332,0.4457431,330.8367,332.221,351.5161
12:11:28.3921 PM,-0.212174,1.331204,0.4461632,330.44,331.886,351.6091
12:11:28.4026 PM,-0.2130857,1.334124,0.446472,330.0081,331.4956,351.7884
12:11:28.4136 PM,-0.213886,1.336817,0.4471115,329.6589,331.1759,351.6331
12:11:28.4256 PM,-0.2147425,1.339375,0.4476159,329.3649,330.8301,351.501
12:11:28.4367 PM,-0.2156895,1.341782,0.4484894,329.1058,330.5333,351.4279
12:11:28.4478 PM,-0.216607,1.343984,0.4492003,328.9312,330.3018,351.5279
12:11:28.4587 PM,-0.2176065,1.346301,0.4505289,328.7914,330.0755,351.6907
12:11:28.4698 PM,-0.2186227,1.348021,0.45151,328.7991,329.9279,352.1497
12:11:28.4804 PM,-0.2195487,1.350139,0.4526049,328.6793,329.7507,352.464
12:11:28.4917 PM,-0.2204425,1.352048,0.4533945,328.5196,329.6061,352.9397
12:11:28.5019 PM,-0.2215511,1.354012,0.4541626,328.2928,329.4594,353.3281
12:11:28.5134 PM,-0.2223753,1.356065,0.4548614,328.0438,329.3662,353.5218
12:11:28.5255 PM,-0.2231001,1.358041,0.4554833,327.8274,329.2603,353.6942
12:11:28.5367 PM,-0.2239136,1.359977,0.4563016,327.6476,329.1783,353.809
12:11:28.5477 PM,-0.2245296,1.36176,0.4569227,327.515,329.176,353.8328
12:11:28.5587 PM,-0.2252786,1.363448,0.4581448,327.4638,329.2589,353.7564
12:11:28.5695 PM,-0.2257707,1.364953,0.4589067,327.4128,329.423,353.7159
12:11:28.5809 PM,-0.2264054,1.366477,0.4595357,327.3294,329.5704,353.7432
12:11:28.5914 PM,-0.2268817,1.367761,0.4602582,327.2611,329.8186,353.7256
12:11:28.6026 PM,-0.2276117,1.369008,0.4610376,327.1625,330.0208,353.7754
12:11:28.6136 PM,-0.2282795,1.370092,0.4617608,327.0639,330.1989,353.8002
12:11:28.6251 PM,-0.2290421,1.370955,0.4623207,326.9826,330.3466,353.852
12:11:28.6368 PM,-0.2298599,1.371935,0.4634258,326.9313,330.4598,353.9332
12:11:28.6473 PM,-0.2308623,1.372451,0.4638982,326.8843,330.5211,354.119
12:11:28.6645 PM,-0.2320129,1.373094,0.4644499,326.8487,330.5348,354.3465
12:11:28.6725 PM,-0.2332066,1.373339,0.4648787,326.8446,330.5521,354.5258
12:11:28.6795 PM,-0.2344751,1.373826,0.4658651,326.8227,330.5957,354.667
12:11:28.6866 PM,-0.2357668,1.373811,0.4662763,326.8179,330.6188,354.7845
12:11:28.6977 PM,-0.2371371,1.374027,0.4671111,326.8186,330.6498,354.9018
12:11:28.7099 PM,-0.2387342,1.373751,0.467881,326.8595,330.6792,355.1696
12:11:28.7205 PM,-0.2401238,1.373479,0.4684031,326.9022,330.7572,355.3823
12:11:28.7311 PM,-0.2416641,1.372979,0.4695908,327.0109,330.9023,355.5134
12:11:28.7426 PM,-0.2430434,1.372432,0.4702115,327.0853,331.1122,355.5576
12:11:28.7536 PM,-0.2445194,1.372063,0.4707069,327.1427,331.3279,355.6394
12:11:28.7646 PM,-0.2459233,1.371627,0.4713042,327.2046,331.5622,355.6977
12:11:28.7756 PM,-0.2474786,1.371109,0.472311,327.3405,331.865,355.6928
12:11:28.7866 PM,-0.2488883,1.370595,0.4729609,327.5052,332.2409,355.6607
12:11:28.7976 PM,-0.2504123,1.370219,0.4739152,327.6779,332.6104,355.6718
12:11:28.8096 PM,-0.2518285,1.369865,0.4744436,327.7995,332.9882,355.6816
12:11:28.8205 PM,-0.2532442,1.369758,0.475275,327.8499,333.4237,355.6304
12:11:28.8310 PM,-0.2545769,1.369676,0.4756252,327.8507,333.8393,355.5906
12:11:28.8425 PM,-0.2560845,1.370129,0.4760084,327.6725,334.1961,355.6029
12:11:28.8535 PM,-0.2578314,1.370283,0.4765227,327.5839,334.4777,355.5839
12:11:28.8652 PM,-0.2593753,1.370486,0.4766464,327.5343,334.7885,355.5107
12:11:28.8761 PM,-0.2608601,1.370646,0.4773613,327.5568,335.1609,355.4262
12:11:28.8876 PM,-0.2623241,1.370881,0.4775929,327.5887,335.6223,355.2675
12:11:28.8979 PM,-0.2639272,1.371149,0.478647,327.6062,336.0945,355.1342
12:11:28.9095 PM,-0.2652043,1.37156,0.4788246,327.5887,336.6995,354.878
12:11:28.9199 PM,-0.2665814,1.371984,0.4794608,327.5588,337.2707,354.5895
12:11:28.9311 PM,-0.2678195,1.372494,0.4794679,327.4681,337.8412,354.2429
12:11:28.9426 PM,-0.2691131,1.372996,0.4793597,327.3574,338.3571,353.946
12:11:28.9533 PM,-0.2705802,1.373485,0.479511,327.2616,338.8006,353.7365
12:11:28.9643 PM,-0.2720079,1.373848,0.4793863,327.1606,339.2369,353.5531
12:11:28.9755 PM,-0.2735528,1.374195,0.4799833,327.072,339.5969,353.4581
12:11:28.9867 PM,-0.2752017,1.374417,0.4796969,327.01,339.9583,353.3411
12:11:28.9975 PM,-0.2767295,1.374505,0.4799101,327.006,340.3094,353.1672
12:11:29.0099 PM,-0.2784348,1.374597,0.4803405,327.0131,340.6132,353.0869
12:11:29.0205 PM,-0.2801115,1.37451,0.4802912,327.0162,340.9344,353.0351
12:11:29.0320 PM,-0.2817603,1.374332,0.4802613,327.0345,341.2649,352.9969
12:11:29.0435 PM,-0.2836024,1.374049,0.4801722,327.0464,341.5146,353.1465
12:11:29.0546 PM,-0.2853169,1.373953,0.4801807,327.0474,341.7754,353.207
12:11:29.0660 PM,-0.2870186,1.373582,0.4800227,327.0688,342.0038,353.2782
12:11:29.0775 PM,-0.288987,1.373291,0.4819732,327.0891,342.3303,353.3554
12:11:29.0886 PM,-0.2906649,1.373084,0.4838655,327.1103,342.6227,353.4172
12:11:29.0996 PM,-0.2921193,1.372681,0.4837395,327.129,342.9054,353.3824
12:11:29.1116 PM,-0.2935272,1.372312,0.4843376,327.1026,343.2202,353.277
12:11:29.1218 PM,-0.2948055,1.371891,0.4841424,327.0776,343.5136,353.1431
12:11:29.1343 PM,-0.2960545,1.371548,0.4830991,327.0391,343.808,353.0256
12:11:29.1456 PM,-0.2973076,1.371036,0.4828964,327.0195,344.1012,352.9183
12:11:29.1564 PM,-0.2984301,1.370502,0.4835229,327.0198,344.3949,352.8923
12:11:29.1680 PM,-0.2994572,1.369944,0.482795,327.0162,344.6983,352.8741
12:11:29.1787 PM,-0.3005818,1.369068,0.4826927,327.0991,344.9922,352.8545
12:11:29.1907 PM,-0.3016247,1.36824,0.4825066,327.2197,345.2743,352.8634
12:11:29.2022 PM,-0.3026997,1.367205,0.4824616,327.3837,345.5645,352.812
12:11:29.2127 PM,-0.3038613,1.366284,0.4821721,327.5132,345.8074,352.7781
12:11:29.2247 PM,-0.3049859,1.365193,0.4820857,327.7129,346.0231,352.7025
12:11:29.2357 PM,-0.306208,1.364177,0.4812076,327.8849,346.1754,352.6462
12:11:29.2467 PM,-0.3074245,1.363252,0.4803883,328.0206,346.2924,352.6701
12:11:29.2585 PM,-0.3085774,1.362436,0.4800172,328.1101,346.3808,352.6843
12:11:29.2696 PM,-0.3096461,1.36186,0.4790529,328.1688,346.4464,352.7306
12:11:29.2806 PM,-0.3107514,1.361145,0.4786315,328.2431,346.5266,352.806
12:11:29.2916 PM,-0.3117999,1.360455,0.4779902,328.2886,346.5787,352.9191
12:11:29.3026 PM,-0.312824,1.359903,0.4776111,328.3567,346.6234,353.0032
12:11:29.3136 PM,-0.3137189,1.359408,0.4769219,328.4189,346.6839,353.063
12:11:29.3246 PM,-0.3146289,1.358959,0.4765931,328.4866,346.7342,353.1356
12:11:29.3357 PM,-0.3157796,1.358567,0.476228,328.5474,346.7888,353.2516
12:11:29.3469 PM,-0.3166733,1.358182,0.4751825,328.6201,346.818,353.3866
12:11:29.3587 PM,-0.3175406,1.357813,0.4755542,328.663,346.8872,353.5213
12:11:29.3690 PM,-0.3182244,1.357453,0.4745511,328.6411,346.9288,353.6651
12:11:29.3800 PM,-0.3189813,1.357253,0.4742863,328.6545,346.9598,353.8102
12:11:29.3909 PM,-0.3196539,1.357136,0.4743583,328.6769,346.9698,353.9876
12:11:29.4024 PM,-0.3203055,1.357227,0.4739666,328.6636,346.9715,354.2121
12:11:29.4136 PM,-0.3208926,1.357235,0.4737802,328.6536,347.0126,354.3612
12:11:29.4247 PM,-0.321357,1.357546,0.4733927,328.6055,347.0811,354.4706
12:11:29.4355 PM,-0.3217647,1.357694,0.4732697,328.5848,347.1768,354.5176
12:11:29.4467 PM,-0.3221282,1.357897,0.4728541,328.5688,347.2891,354.46
12:11:29.4577 PM,-0.3223556,1.358148,0.472828,328.5789,347.4185,354.4032
12:11:29.4687 PM,-0.3226439,1.358371,0.472327,328.5705,347.5081,354.4155
12:11:29.4802 PM,-0.3228756,1.35868,0.4722487,328.5464,347.6232,354.4265
12:11:29.4907 PM,-0.3228489,1.359252,0.4721838,328.4753,347.7393,354.5399
12:11:29.5022 PM,-0.3229936,1.359665,0.4720523,328.4309,347.8726,354.64
12:11:29.5135 PM,-0.3229605,1.36006,0.4717021,328.3482,347.9954,354.7387
12:11:29.5245 PM,-0.3230667,1.360739,0.471873,328.2772,348.0674,354.808
12:11:29.5355 PM,-0.3231465,1.361275,0.4716148,328.2083,348.126,354.7921
12:11:29.5465 PM,-0.3233292,1.361778,0.4712056,328.1566,348.1547,354.7874
12:11:29.5587 PM,-0.3234243,1.362197,0.4709568,328.1248,348.1911,354.7718
12:11:29.5687 PM,-0.3233508,1.362562,0.4706742,328.0959,348.2242,354.8051
12:11:29.5798 PM,-0.3233974,1.362888,0.4704399,328.0697,348.267,354.8111
12:11:29.5913 PM,-0.3234336,1.363186,0.4700873,328.0599,348.288,354.8611
12:11:29.6024 PM,-0.3234582,1.36329,0.4698724,328.056,348.3133,354.91
12:11:29.6135 PM,-0.3234825,1.363436,0.4695915,328.0581,348.3076,354.9992
12:11:29.6245 PM,-0.3236704,1.363278,0.4688048,328.0692,348.2995,355.1085
12:11:29.6355 PM,-0.3237558,1.363074,0.468612,328.0988,348.2937,355.2437
12:11:29.6467 PM,-0.3236781,1.363045,0.468697,328.1391,348.2859,355.3711
12:11:29.6577 PM,-0.3236696,1.362606,0.4685678,328.2258,348.3438,355.4739
12:11:29.6687 PM,-0.3237607,1.362443,0.4682363,328.2793,348.3945,355.5576
12:11:29.6797 PM,-0.3237041,1.362069,0.4680645,328.3398,348.5007,355.6139
12:11:29.6918 PM,-0.3234631,1.361835,0.4682668,328.3846,348.6019,355.6272
12:11:29.7023 PM,-0.3232973,1.361529,0.4680012,328.4201,348.6676,355.6577
12:11:29.7135 PM,-0.3232672,1.361153,0.4677135,328.4572,348.7459,355.7152
12:11:29.7236 PM,-0.3231685,1.360746,0.4680595,328.5017,348.7838,355.7948
12:11:29.7360 PM,-0.3232726,1.36028,0.4676504,328.5316,348.7938,355.8738
12:11:29.7470 PM,-0.323427,1.3598,0.4673228,328.5776,348.7876,355.9498
12:11:29.7587 PM,-0.3234666,1.359389,0.4670916,328.6236,348.8138,356.0004
12:11:29.7687 PM,-0.323604,1.358831,0.4665896,328.6776,348.8625,356.0104
12:11:29.7801 PM,-0.3237799,1.358146,0.4658118,328.7557,348.8985,356.0107
12:11:29.7916 PM,-0.3239651,1.35739,0.4652717,328.8902,348.9668,355.9266
12:11:29.8026 PM,-0.3239881,1.356772,0.4651012,329.0129,348.9909,355.8929
12:11:29.8136 PM,-0.3241876,1.356012,0.4645212,329.1195,349.049,355.8392
12:11:29.8236 PM,-0.3243554,1.355327,0.4636863,329.1938,349.0951,355.8102
12:11:29.8358 PM,-0.3245783,1.354566,0.4629912,329.2594,349.1517,355.7766
12:11:29.8466 PM,-0.3246087,1.353911,0.4630576,329.3305,349.1754,355.7845
12:11:29.8577 PM,-0.3248252,1.35303,0.462193,329.3844,349.1773,355.8202
12:11:29.8687 PM,-0.3249344,1.352395,0.4625659,329.4873,349.1482,355.8457
12:11:29.8798 PM,-0.3250654,1.351717,0.4621273,329.5907,349.1232,355.8351
12:11:29.8913 PM,-0.3253298,1.350748,0.4614643,329.7151,349.0802,355.8573
12:11:29.9017 PM,-0.3255669,1.349839,0.4616661,329.8509,349.0298,355.9099
12:11:29.9135 PM,-0.3257309,1.34885,0.4610295,329.9702,349.0057,355.9849
12:11:29.9245 PM,-0.3258388,1.347919,0.4614396,330.078,348.9795,356.0979
12:11:29.9357 PM,-0.3258796,1.346984,0.4608111,330.1562,348.9701,356.2305
12:11:29.9468 PM,-0.3260518,1.345958,0.4599563,330.2426,348.9482,356.311
12:11:29.9576 PM,-0.3259513,1.345013,0.4593363,330.3297,348.9521,356.3807
12:11:29.9688 PM,-0.3255509,1.344257,0.4596716,330.4277,348.9833,356.5057
12:11:29.9805 PM,-0.3252344,1.343458,0.4591303,330.5026,349.0089,356.6095
12:11:29.9909 PM,-0.3247456,1.342562,0.4585545,330.5638,349.088,356.6944
12:11:30.0024 PM,-0.3241548,1.341522,0.4584478,330.632,349.1648,356.7715
12:11:30.0136 PM,-0.3233914,1.340572,0.4578955,330.704,349.2933,356.8292
12:11:30.0246 PM,-0.3226796,1.33966,0.4578547,330.7995,349.3836,356.9206
12:11:30.0357 PM,-0.3217545,1.338614,0.457397,330.907,349.4988,357.0025
12:11:30.0467 PM,-0.3206659,1.337659,0.4571208,331.0154,349.5919,357.1416
12:11:30.0577 PM,-0.3196372,1.336622,0.4566363,331.1071,349.7173,357.2911
12:11:30.0690 PM,-0.31825,1.335457,0.4560773,331.1653,349.8904,357.6046
12:11:30.0800 PM,-0.3170043,1.334409,0.4553622,331.2042,350.0291,357.9023
12:11:30.0915 PM,-0.3155296,1.333326,0.4546986,331.2155,350.1992,358.2915
12:11:30.1025 PM,-0.3140232,1.332225,0.4539217,331.2216,350.3489,358.7031
12:11:30.1135 PM,-0.3124951,1.331095,0.4530274,331.2819,350.5063,359.0898
12:11:30.1245 PM,-0.3108492,1.330027,0.4526601,331.3974,350.7072,359.3154
12:11:30.1356 PM,-0.3089978,1.328876,0.4523801,331.6215,350.9989,359.2428
12:11:30.1467 PM,-0.3069434,1.327731,0.4519559,331.8844,351.3813,358.9518
12:11:30.1581 PM,-0.3047963,1.3267,0.4519532,332.1501,351.7411,358.6935
12:11:30.1688 PM,-0.3026884,1.325696,0.4513955,332.35,352.126,358.5326
12:11:30.1798 PM,-0.3006114,1.32473,0.4505286,332.4871,352.4188,358.5412
12:11:30.1912 PM,-0.2986474,1.323914,0.4497066,332.5449,352.708,358.657
12:11:30.2017 PM,-0.2966366,1.323037,0.4486278,332.5843,352.9454,358.7974
12:11:30.2137 PM,-0.2948498,1.322291,0.4476697,332.5707,353.1395,359.0327
12:11:30.2245 PM,-0.2928687,1.321655,0.4479783,332.6305,353.3031,359.2319
12:11:30.2356 PM,-0.2910466,1.320734,0.447054,332.679,353.5151,359.3983
12:11:30.2468 PM,-0.2892908,1.319793,0.4461815,332.6757,353.6242,359.6453
12:11:30.2573 PM,-0.2874265,1.318733,0.4444431,332.7792,353.8822,359.7145
12:11:30.2685 PM,-0.2856045,1.317654,0.4434657,332.8976,354.1918,359.7903
12:11:30.2796 PM,-0.2835777,1.316878,0.4430553,333.0315,354.4622,359.8619
12:11:30.2916 PM,-0.2818035,1.315694,0.4421134,333.1768,354.7588,359.8528
12:11:30.3026 PM,-0.2799679,1.314644,0.4419471,333.3347,355.0046,359.8651
12:11:30.3133 PM,-0.2783053,1.313314,0.4410228,333.479,355.2802,359.838
12:11:30.3248 PM,-0.2765973,1.311984,0.4406743,333.6473,355.4992,359.8404
12:11:30.3354 PM,-0.2749384,1.310471,0.4404802,333.8594,355.7339,359.8475
12:11:30.3466 PM,-0.2734568,1.308731,0.4396574,334.0962,355.9982,359.8805
12:11:30.3577 PM,-0.2718201,1.307098,0.4391091,334.3224,356.2365,359.9684
12:11:30.3688 PM,-0.2705331,1.305037,0.4382157,334.5577,356.4613,0.1062037
12:11:30.3795 PM,-0.2691205,1.303356,0.4377542,334.7704,356.6411,0.2386722
12:11:30.3905 PM,-0.2679598,1.301228,0.4368198,334.9692,356.7982,0.3854352
12:11:30.4026 PM,-0.2668263,1.299033,0.4366161,335.2086,356.9242,0.5089212
12:11:30.4136 PM,-0.2657545,1.296769,0.435794,335.4552,357.0819,0.6880196
12:11:30.4236 PM,-0.2650203,1.294347,0.4350755,335.8177,357.1485,1.343508
12:11:30.4356 PM,-0.2640294,1.291969,0.4342927,336.1182,357.3134,1.661814
12:11:30.4463 PM,-0.2630045,1.289178,0.4337833,336.6022,357.5334,1.841502
12:11:30.4577 PM,-0.2620483,1.286504,0.4326816,336.9652,357.7588,1.995104
12:11:30.4690 PM,-0.261126,1.28392,0.4318758,337.3181,358.0475,2.142988
12:11:30.4795 PM,-0.2601202,1.281627,0.4312453,337.6285,358.3332,2.336359
12:11:30.4905 PM,-0.2593591,1.278872,0.4294803,337.9478,358.5786,2.444067
12:11:30.5020 PM,-0.2585405,1.276382,0.4284678,338.2302,358.8391,2.333915
12:11:30.5135 PM,-0.257628,1.273578,0.4267662,338.5434,359.0927,2.180457
12:11:30.5247 PM,-0.2568489,1.27096,0.4257121,338.8787,359.3456,1.900999
12:11:30.5358 PM,-0.256046,1.26815,0.4241563,339.2813,359.552,1.805672
12:11:30.5467 PM,-0.2554138,1.265324,0.4232253,339.7509,359.7801,1.818939
12:11:30.5577 PM,-0.2544816,1.262833,0.423852,340.214,359.9851,1.919236
12:11:30.5685 PM,-0.2538016,1.25996,0.4230437,340.7088,0.2601884,2.11951
12:11:30.5798 PM,-0.2528709,1.257341,0.4230108,341.1961,0.5102997,2.384441
12:11:30.5908 PM,-0.2521133,1.254622,0.4221308,341.6311,0.8088674,2.593776
12:11:30.6023 PM,-0.2514422,1.2522,0.4218769,341.9655,1.059482,2.858569
12:11:30.6133 PM,-0.2506493,1.249932,0.4218178,342.2885,1.308507,3.043538
12:11:30.6243 PM,-0.2500528,1.247872,0.4207907,342.5111,1.550533,3.172298
12:11:30.6356 PM,-0.2494693,1.245914,0.4204886,342.7516,1.765732,3.125184
12:11:30.6472 PM,-0.2488107,1.244135,0.4194511,342.9369,2.029759,2.835461
12:11:30.6576 PM,-0.2481188,1.242597,0.4190493,343.1498,2.270118,2.531554
12:11:30.6680 PM,-0.2475243,1.240903,0.4180887,343.3671,2.54952,2.323781
12:11:30.6797 PM,-0.2468438,1.23919,0.4172313,343.5864,2.822574,2.220145
12:11:30.6912 PM,-0.2463982,1.23779,0.4163315,343.7955,3.137999,2.153234
12:11:30.7018 PM,-0.245729,1.236662,0.4162946,343.9839,3.453752,2.080181
12:11:30.7132 PM,-0.2449958,1.235263,0.4160215,344.184,3.738688,1.991621
12:11:30.7236 PM,-0.2447337,1.234057,0.4152355,344.355,4.038936,1.937886
12:11:30.7350 PM,-0.2441539,1.232709,0.4152936,344.5525,4.305229,1.906926
12:11:30.7466 PM,-0.2441853,1.231521,0.4145628,344.7233,4.452335,2.004968
12:11:30.7576 PM,-0.2440641,1.230025,0.4133316,344.8938,4.577018,2.044979
12:11:30.7686 PM,-0.2441897,1.228809,0.412573,345.0634,4.617053,2.029867
12:11:30.7798 PM,-0.2440905,1.227883,0.4126768,345.2175,4.586931,1.941486
12:11:30.7903 PM,-0.2441481,1.226783,0.4119854,345.3486,4.642348,1.845412
12:11:30.8013 PM,-0.2441257,1.225935,0.4120821,345.438,4.644256,1.778299
12:11:30.8127 PM,-0.2442534,1.225249,0.4118404,345.543,4.697821,1.766112
12:11:30.8236 PM,-0.2442843,1.224454,0.4114518,345.6489,4.803879,1.688881
12:11:30.8350 PM,-0.2440864,1.223589,0.4116464,345.7818,4.872478,1.647697
12:11:30.8457 PM,-0.2438762,1.222996,0.4120233,345.9188,5.045737,1.727437
12:11:30.8572 PM,-0.2438146,1.22233,0.411799,346.0257,5.216635,1.813798
12:11:30.8682 PM,-0.2437007,1.221951,0.4116439,346.1356,5.372241,2.053461
12:11:30.8792 PM,-0.2436559,1.221535,0.4115759,346.2249,5.522318,2.179379
12:11:30.8902 PM,-0.2434015,1.221075,0.4119304,346.3091,5.59687,2.264272
12:11:30.9017 PM,-0.2433894,1.220731,0.4119196,346.3782,5.694282,2.349628
12:11:30.9127 PM,-0.2432947,1.220405,0.4118648,346.4688,5.722947,2.49419
12:11:30.9236 PM,-0.243403,1.220234,0.4120178,346.5561,5.769908,2.627119
12:11:30.9351 PM,-0.2432331,1.220051,0.4130158,346.6617,5.795205,2.76809
12:11:30.9460 PM,-0.2430874,1.220202,0.4137723,346.8844,5.739573,3.10657
12:11:30.9570 PM,-0.2433966,1.219961,0.414366,347.261,5.659517,3.706804
12:11:30.9685 PM,-0.2435473,1.219614,0.4142063,347.4929,5.611354,4.061351
12:11:30.9795 PM,-0.2436414,1.219593,0.4147177,347.7267,5.615427,4.22636
12:11:30.9906 PM,-0.243342,1.219703,0.4158516,347.8583,5.644247,4.192948
12:11:31.0016 PM,-0.2433535,1.219879,0.4161353,347.8691,5.74192,4.304217
12:11:31.0126 PM,-0.2432175,1.219818,0.4157948,347.7347,5.863992,4.36271
12:11:31.0236 PM,-0.2431168,1.2204,0.4158235,347.4373,6.014578,4.292226
12:11:31.0346 PM,-0.2432937,1.22094,0.4144425,347.183,5.95856,4.394074
12:11:31.0457 PM,-0.2432842,1.221537,0.4153302,347.003,5.801393,4.659087
12:11:31.0571 PM,-0.2435531,1.222037,0.4154716,346.8252,5.731178,4.8776
12:11:31.0686 PM,-0.2434732,1.222754,0.4166329,346.6485,5.628497,5.052521
12:11:31.0796 PM,-0.2436482,1.223216,0.4168751,346.5186,5.601128,5.112027
12:11:31.0906 PM,-0.2436972,1.223836,0.4167185,346.4254,5.583757,5.133364
12:11:31.1016 PM,-0.2437422,1.224197,0.416967,346.3577,5.628577,5.125081
12:11:31.1126 PM,-0.2435789,1.223936,0.4174323,346.311,5.650862,5.14549
12:11:31.1235 PM,-0.2436174,1.224121,0.4177246,346.2822,5.691905,5.158933
12:11:31.1345 PM,-0.2435938,1.224555,0.4177157,346.3184,5.67581,5.181378
12:11:31.1456 PM,-0.2436928,1.224642,0.4180188,346.3329,5.696064,5.199131
12:11:31.1576 PM,-0.2435917,1.224522,0.4189782,346.379,5.651923,5.257719
12:11:31.1687 PM,-0.2434627,1.22451,0.4204501,346.4084,5.622212,5.317101
12:11:31.1797 PM,-0.2437031,1.224468,0.4207609,346.3998,5.581001,5.343061
12:11:31.1902 PM,-0.2440502,1.224347,0.419753,346.3336,5.489882,5.306287
12:11:31.2017 PM,-0.2442995,1.224319,0.419945,346.3027,5.42702,5.115178
12:11:31.2120 PM,-0.2445216,1.224027,0.4185981,346.2154,5.372974,4.984947
12:11:31.2235 PM,-0.2447774,1.22416,0.4178544,346.145,5.261814,5.181938
12:11:31.2355 PM,-0.2451928,1.224258,0.4180533,345.9513,5.23624,5.512959
12:11:31.2465 PM,-0.2453337,1.224224,0.4172471,345.8164,5.246725,5.789502
12:11:31.2575 PM,-0.2456496,1.224286,0.4172412,345.7654,5.305944,6.018428
12:11:31.2687 PM,-0.2455754,1.223991,0.4173473,345.7875,5.294033,5.90035
12:11:31.2797 PM,-0.2457969,1.223821,0.4173943,345.8029,5.259774,5.448455
12:11:31.2903 PM,-0.2459946,1.223624,0.417573,345.8374,5.125401,5.086778
12:11:31.3018 PM,-0.246406,1.223497,0.4176539,345.8619,5.045021,4.82254
12:11:31.3125 PM,-0.2466392,1.223144,0.4179215,345.9346,4.935195,4.623364
12:11:31.3235 PM,-0.2468376,1.222919,0.4177881,345.9895,4.858253,4.318172
12:11:31.3355 PM,-0.2471953,1.222744,0.4179251,346.045,4.767685,3.891859
12:11:31.3456 PM,-0.2473592,1.222382,0.4172915,346.0555,4.661958,3.432884
12:11:31.3576 PM,-0.2477037,1.222308,0.4174858,346.0547,4.587986,3.027422
12:11:31.3687 PM,-0.2478271,1.222215,0.4169239,346.0509,4.508214,2.748862
12:11:31.3797 PM,-0.2481944,1.22221,0.4171237,346.0198,4.441298,2.524085
12:11:31.3907 PM,-0.2482407,1.22201,0.4169948,346.0005,4.326383,2.268135
12:11:31.4022 PM,-0.2482142,1.221986,0.4171782,345.9779,4.236406,1.840125
12:11:31.4118 PM,-0.2483907,1.221995,0.4174001,345.9413,4.186474,1.391645
12:11:31.4243 PM,-0.2484127,1.221994,0.4168627,345.8728,4.150935,0.894195
12:11:31.4348 PM,-0.2484403,1.222213,0.4171107,345.8152,4.186918,0.3675314
12:11:31.4456 PM,-0.2481664,1.222468,0.4164453,345.743,4.233969,359.7224
12:11:31.4571 PM,-0.2479434,1.22287,0.4166684,345.6743,4.347255,358.7076
12:11:31.4686 PM,-0.2473202,1.222916,0.4169501,345.616,4.476916,357.538
12:11:31.4796 PM,-0.2467096,1.223423,0.4171722,345.5723,4.717311,355.9194
12:11:31.4906 PM,-0.2457337,1.22363,0.4167861,345.5439,4.930002,354.3795
12:11:31.5011 PM,-0.2453966,1.224127,0.4169945,345.5133,5.049087,353.1029
12:11:31.5126 PM,-0.2450259,1.22448,0.4163249,345.5245,5.029153,352.3178
12:11:31.5236 PM,-0.2446963,1.224693,0.4159479,345.5442,4.957229,351.8643
12:11:31.5347 PM,-0.2450544,1.225035,0.4161431,345.5293,4.822444,351.6853
12:11:31.5459 PM,-0.2449393,1.225379,0.4161234,345.4518,4.708079,351.6162
12:11:31.5577 PM,-0.2451711,1.225745,0.4163309,345.3974,4.606997,351.4215
12:11:31.5680 PM,-0.2452391,1.226039,0.4158517,345.2982,4.459443,351.3022
12:11:31.5796 PM,-0.2454966,1.226366,0.4160711,345.277,4.424589,351.1772
12:11:31.5906 PM,-0.2453939,1.226428,0.4164467,345.388,4.331924,350.7313
12:11:31.6013 PM,-0.2454304,1.226129,0.4163151,345.5493,4.393221,350.2369
12:11:31.6126 PM,-0.2451214,1.226117,0.4165729,345.7426,4.416059,349.5814
12:11:31.6232 PM,-0.2450371,1.226094,0.4163994,345.8907,4.480727,349.4013
12:11:31.6348 PM,-0.2446477,1.225981,0.4166067,346.0057,4.740196,349.255
12:11:31.6455 PM,-0.2441401,1.225782,0.4165912,346.0648,4.946898,349.0948
12:11:31.6576 PM,-0.2438338,1.225713,0.4167104,346.0165,5.145024,349.2144
12:11:31.6677 PM,-0.2435668,1.225493,0.4165843,345.9483,5.26339,349.4444
12:11:31.6792 PM,-0.2433425,1.225162,0.4167047,345.9008,5.412445,349.6663
12:11:31.6908 PM,-0.2431776,1.224851,0.4168028,345.8717,5.536676,349.9393
12:11:31.7012 PM,-0.2430866,1.224359,0.4166396,345.9488,5.624691,350.1134
12:11:31.7127 PM,-0.2428665,1.223872,0.4167297,346.0333,5.699677,350.0207
12:11:31.7237 PM,-0.2427325,1.223115,0.4170669,346.2102,5.738042,349.7878
12:11:31.7351 PM,-0.2426338,1.222249,0.4172168,346.4395,5.791611,349.7561
12:11:31.7457 PM,-0.2424269,1.221473,0.4172833,346.64,5.888295,349.7836
12:11:31.7567 PM,-0.2422453,1.220466,0.4174353,346.8428,6.019853,349.7838
12:11:31.7677 PM,-0.2420031,1.219382,0.4180855,347.0155,6.117878,350.0473
12:11:31.7797 PM,-0.2418576,1.21845,0.418178,347.1701,6.2108,350.1697
12:11:31.7907 PM,-0.2417008,1.217197,0.4187417,347.3359,6.248981,350.5173
12:11:31.8012 PM,-0.241469,1.216024,0.4193135,347.489,6.276353,350.7209
12:11:31.8126 PM,-0.241461,1.214956,0.4192321,347.5551,6.277241,350.8255
12:11:31.8237 PM,-0.2412405,1.213981,0.4193324,347.6077,6.290123,350.7928
12:11:31.8346 PM,-0.2409635,1.212762,0.4190224,347.7127,6.381843,350.5898
12:11:31.8456 PM,-0.2405151,1.21117,0.418587,347.9095,6.553912,350.3129
12:11:31.8566 PM,-0.2400122,1.209595,0.4182862,348.1578,6.721467,349.9445
12:11:31.8680 PM,-0.2392102,1.207583,0.4197185,348.5063,6.931011,349.1937
12:11:31.8797 PM,-0.2383587,1.205437,0.4196076,348.7806,7.086357,348.558
12:11:31.8902 PM,-0.2374904,1.202904,0.4194646,349.0684,7.196875,348.3573
12:11:31.9017 PM,-0.236469,1.200013,0.4193927,349.4858,7.355214,348.4931
12:11:31.9127 PM,-0.2353623,1.196872,0.4194226,349.9742,7.511045,348.9503
12:11:31.9235 PM,-0.2342179,1.193696,0.4195659,350.4446,7.614869,349.6043
12:11:31.9356 PM,-0.233024,1.190658,0.4197059,350.8715,7.703469,350.1241
12:11:31.9455 PM,-0.2316172,1.187629,0.4199561,351.3018,7.759717,350.7799
12:11:31.9575 PM,-0.2301685,1.184759,0.4201866,351.7198,7.866974,351.4478
12:11:31.9677 PM,-0.2284114,1.18216,0.4205005,352.1303,8.031939,352.2149
12:11:31.9797 PM,-0.2264501,1.17994,0.4208528,352.4668,8.232482,352.7537
12:11:31.9906 PM,-0.2243816,1.178067,0.4212241,352.7866,8.437811,353.0849
12:11:32.0016 PM,-0.222347,1.176295,0.4216084,353.0903,8.645242,353.3855
12:11:32.0126 PM,-0.2198828,1.175212,0.4221276,353.2663,8.862017,353.4223
12:11:32.0236 PM,-0.2176105,1.174487,0.4226145,353.3964,9.055809,353.5012
12:11:32.0345 PM,-0.2153903,1.174085,0.4231379,353.4975,9.226122,353.6039
12:11:32.0457 PM,-0.2131816,1.17403,0.4237089,353.5131,9.41855,353.7426
12:11:32.0569 PM,-0.2110592,1.174282,0.4245141,353.4523,9.611516,353.8381
12:11:32.0676 PM,-0.2088692,1.174788,0.4251444,353.3416,9.826485,354.0652
12:11:32.0788 PM,-0.2067296,1.175516,0.4257784,353.1815,10.07355,354.5492
12:11:32.0905 PM,-0.2046915,1.176255,0.4265046,353.0097,10.35529,355.2538
12:11:32.1015 PM,-0.2027967,1.177147,0.4273069,352.8358,10.65526,356.331
12:11:32.1125 PM,-0.2010124,1.17821,0.4282633,352.7268,11.07041,357.1199
12:11:32.1235 PM,-0.1989995,1.179501,0.4289601,352.5507,11.50774,357.1995
12:11:32.1347 PM,-0.1972497,1.180957,0.4296646,352.3806,11.889,357.243
12:11:32.1457 PM,-0.1958341,1.182551,0.4302644,352.1758,12.21512,357.3628
12:11:32.1567 PM,-0.1944681,1.184122,0.4308536,351.9523,12.52664,357.4733
12:11:32.1678 PM,-0.1936072,1.185848,0.4315503,351.7158,12.76326,357.4284
12:11:32.1794 PM,-0.193139,1.187781,0.4321311,351.4025,12.89342,357.6438
12:11:32.1896 PM,-0.1929187,1.189812,0.4326136,351.0609,13.00111,357.8304
12:11:32.2008 PM,-0.192889,1.191956,0.4330211,350.6663,13.11238,357.8667
12:11:32.2126 PM,-0.1933272,1.194149,0.433423,350.258,13.17601,357.8039
12:11:32.2235 PM,-0.1935568,1.196302,0.433768,349.8573,13.26099,357.7446
12:11:32.2344 PM,-0.1943116,1.19853,0.4340286,349.4302,13.23506,357.7143
12:11:32.2460 PM,-0.195299,1.200675,0.4342685,348.9862,13.16649,357.7349
12:11:32.2570 PM,-0.1962374,1.202735,0.4345033,348.5475,13.10987,357.7495
12:11:32.2680 PM,-0.1976206,1.204643,0.4346101,348.0702,13.01276,357.7791
12:11:32.2790 PM,-0.1989603,1.206557,0.4346576,347.4902,12.8849,357.787
12:11:32.2905 PM,-0.2004431,1.208491,0.4346294,346.8141,12.74529,357.927
12:11:32.3015 PM,-0.2022514,1.210464,0.4345437,346.0048,12.51918,358.6363
12:11:32.3126 PM,-0.2042517,1.212351,0.4343029,345.1678,12.26605,359.4795
12:11:32.3235 PM,-0.2060831,1.21416,0.4341142,344.3796,12.01232,0.126412
12:11:32.3345 PM,-0.2080174,1.215726,0.4339224,343.6273,11.70185,0.7651513
12:11:32.3457 PM,-0.2099259,1.216921,0.4336627,343.0205,11.37082,1.289967
12:11:32.3568 PM,-0.2116669,1.217749,0.4333458,342.6632,11.1476,1.734061
12:11:32.3675 PM,-0.2132688,1.2185,0.4330944,342.3703,10.9581,2.169079
12:11:32.3786 PM,-0.21455,1.218695,0.4326404,342.3656,10.91259,2.415115
12:11:32.3896 PM,-0.2155743,1.218846,0.4321798,342.3815,10.92331,2.50869
12:11:32.4011 PM,-0.2166143,1.219126,0.4316716,342.3392,10.93922,2.65759
12:11:32.4121 PM,-0.2173669,1.219322,0.4308871,342.3262,11.05274,2.919701
12:11:32.4236 PM,-0.2181535,1.219705,0.4296523,342.189,11.18592,3.201756
12:11:32.4338 PM,-0.2187179,1.220351,0.4283385,341.9269,11.34065,3.349558
12:11:32.4456 PM,-0.2191395,1.221139,0.426783,341.6192,11.53252,3.428675
12:11:32.4567 PM,-0.2195531,1.221987,0.4250314,341.2696,11.68745,3.580521
12:11:32.4677 PM,-0.2202454,1.222994,0.4228164,340.7906,11.79446,3.774566
12:11:32.4788 PM,-0.2204382,1.223754,0.4207333,340.4239,11.9883,3.828099
12:11:32.4905 PM,-0.2205483,1.22438,0.4186831,340.119,12.21745,3.923644
12:11:32.5005 PM,-0.2203588,1.224727,0.4163939,339.9518,12.52569,4.095901
12:11:32.5126 PM,-0.2200337,1.224871,0.4140635,339.9142,12.85491,4.302278
12:11:32.5236 PM,-0.2197803,1.225064,0.4116025,339.8672,13.2028,4.526545
12:11:32.5337 PM,-0.2193126,1.225402,0.4091604,339.7455,13.61406,4.702959
12:11:32.5456 PM,-0.2187633,1.225819,0.4067037,339.5724,14.0978,5.001431
12:11:32.5566 PM,-0.217894,1.226271,0.4039299,339.3473,14.68389,6.000022
12:11:32.5675 PM,-0.2169893,1.226525,0.4011692,339.1756,15.24899,6.298339
12:11:32.5786 PM,-0.2156885,1.226569,0.3981276,339.0435,15.95842,6.018966
12:11:32.5897 PM,-0.2139753,1.226394,0.3950303,339.0595,16.75826,5.206563
12:11:32.6007 PM,-0.2118534,1.225831,0.391925,339.2026,17.77708,4.12784
12:11:32.6122 PM,-0.2096115,1.225201,0.3889725,339.4774,18.87883,3.14873
12:11:32.6237 PM,-0.2067131,1.224029,0.3861002,340.1987,20.23036,1.900753
12:11:32.6346 PM,-0.1775949,1.209626,0.4007757,341.301,21.44852,0.2091019
12:11:32.6456 PM,-0.1740704,1.208013,0.3983887,342.312,22.56192,358.1135
12:11:32.6566 PM,-0.1702822,1.2064,0.3928195,343.3421,23.50132,356.1393
12:11:32.6677 PM,-0.1673102,1.204885,0.3907784,344.3419,24.14843,354.8296
12:11:32.6788 PM,-0.1649936,1.203858,0.3881156,345.085,24.62044,354.3067
12:11:32.6905 PM,-0.1606049,1.200977,0.3696973,345.5115,25.24353,353.8646
12:11:32.7005 PM,-0.1583579,1.200416,0.3660653,345.5766,25.6612,353.5073
12:11:32.7125 PM,-0.1560236,1.200851,0.3617644,344.7059,26.00512,353.0345
12:11:32.7237 PM,-0.1544816,1.202321,0.357861,343.3629,26.2571,353.3334
12:11:32.7337 PM,-0.1526892,1.202896,0.345957,342.0546,26.46074,354.4935
12:11:32.7456 PM,-0.1512396,1.204335,0.3419065,341.0224,26.66187,355.5877
12:11:32.7568 PM,-0.1498045,1.20593,0.3359869,340.1868,26.88566,356.8881
12:11:32.7674 PM,-0.1479023,1.207761,0.3290017,339.6104,27.31893,357.4861
12:11:32.7787 PM,-0.1451303,1.210379,0.3244374,339.175,28.28298,357.2804
12:11:32.7898 PM,-0.1421284,1.213936,0.3186321,338.6759,29.69545,356.2726
12:11:32.8008 PM,-0.1382682,1.218975,0.3131196,338.0603,31.28381,355.0439
12:11:32.8125 PM,-0.1346942,1.224891,0.3058214,337.0716,32.8662,354.3535
12:11:32.8236 PM,-0.1311468,1.231572,0.2998381,335.8574,34.51272,354.1308
12:11:32.8335 PM,-0.127711,1.239782,0.2925892,333.8477,36.26482,355.3208
12:11:32.8456 PM,-0.1246589,1.248936,0.2858829,331.907,37.98904,356.9516
12:11:32.8566 PM,-0.1208158,1.260209,0.279237,330.0155,40.60393,359.4264
12:11:32.8677 PM,-0.1168543,1.269223,0.2711041,328.4904,43.16848,1.584586
12:11:32.8788 PM,-0.1127509,1.281045,0.2643278,326.4332,45.88073,5.263137
12:11:32.8896 PM,-0.1097716,1.292032,0.2566833,324.567,48.19634,7.578658
12:11:32.9007 PM,-0.1055465,1.304579,0.2488341,323.001,50.63244,8.456429
12:11:32.9125 PM,-0.1021335,1.315853,0.2394922,321.3106,52.93818,8.127965
12:11:32.9235 PM,-0.09865654,1.328464,0.2292318,319.213,55.09732,6.263386
12:11:32.9345 PM,-0.0954423,1.341497,0.2198629,316.9869,57.06979,4.167911
12:11:32.9455 PM,-0.09265512,1.354287,0.2110639,315.0664,59.45645,2.935076
12:11:32.9572 PM,-0.08996654,1.367074,0.2038026,313.577,62.18644,2.335902
12:11:32.9677 PM,-0.08687127,1.379202,0.1957858,312.0044,65.4834,1.070191
12:11:32.9787 PM,-0.08440614,1.390469,0.1863647,310.3319,69.18357,358.9108
12:11:32.9897 PM,-0.08258957,1.40168,0.1776903,308.7249,73.20385,356.1842
12:11:33.0006 PM,-0.0810973,1.412183,0.168294,307.21,77.37849,353.1488
12:11:33.0116 PM,-0.08023512,1.422959,0.1603093,305.636,81.7672,349.4606
12:11:33.0236 PM,-0.07884747,1.434024,0.1529346,304.171,86.28814,345.7697
12:11:33.0350 PM,-0.078246,1.443594,0.1441135,302.7617,91.53448,340.9263
12:11:33.0455 PM,-0.07590103,1.452781,0.1316159,301.6327,97.23828,335.76
12:11:33.0563 PM,-0.07635695,1.460574,0.1229465,300.7137,103.651,329.7766
12:11:33.0678 PM,-0.07849252,1.463191,0.1181338,300.209,110.9407,323.0668
12:11:33.0788 PM,-0.08002651,1.469254,0.1101034,300.0222,117.8806,316.4523
12:11:33.0897 PM,-0.08133626,1.476296,0.1031778,300.3007,124.3415,310.8219
12:11:33.1004 PM,-0.08238882,1.483154,0.09918499,300.9521,130.3813,306.0361
12:11:33.1124 PM,-0.08284545,1.489961,0.09650326,301.4791,135.0257,303.123
12:11:33.1236 PM,-0.08447605,1.496655,0.09168577,301.616,139.5565,299.5298
12:11:33.1345 PM,-0.08581454,1.501922,0.09006882,300.9659,142.7177,297.0707
12:11:33.1456 PM,-0.08757174,1.506438,0.0904181,300.1798,145.2952,294.9342
12:11:33.1566 PM,-0.08886516,1.511437,0.08978534,299.4765,147.8898,292.6949
12:11:33.1678 PM,-0.08919615,1.515512,0.08971429,298.5205,150.0658,290.5042
12:11:33.1788 PM,-0.0899381,1.520112,0.09027004,297.6368,152.3033,288.2481
12:11:33.1895 PM,-0.0904609,1.523443,0.09354544,296.434,153.1586,287.3297
12:11:33.2005 PM,-0.0911907,1.526955,0.09492779,295.5744,154.555,286.2591
12:11:33.2116 PM,-0.09135115,1.529616,0.09690213,294.676,155.0437,286
12:11:33.2236 PM,-0.09144837,1.532066,0.09871697,293.9544,155.9147,285.2579
12:11:33.2335 PM,-0.09131986,1.534001,0.1006646,293.3265,156.615,284.3519
12:11:33.2455 PM,-0.0916326,1.535813,0.1015089,292.799,157.5595,283.1124
12:11:33.2565 PM,-0.09166366,1.537485,0.102351,292.4362,157.6731,282.3384
12:11:33.2677 PM,-0.09047115,1.538179,0.1046979,292.239,156.4738,282.5371
12:11:33.2787 PM,-0.08986378,1.539562,0.1066804,291.8452,156.1069,282.3626
12:11:33.2897 PM,-0.08870685,1.540182,0.1093419,291.6079,153.6689,284.337
12:11:33.3007 PM,-0.08748335,1.540514,0.1115279,291.2382,151.7929,285.9569
12:11:33.3117 PM,-0.08592176,1.540916,0.1146965,290.9281,148.819,288.7426
12:11:33.3218 PM,-0.08450675,1.541211,0.1165345,290.6446,145.8636,291.6044
12:11:33.3335 PM,-0.08283377,1.541828,0.119869,290.338,142.9196,294.4553
12:11:33.3445 PM,-0.08139199,1.542078,0.123405,290.0734,140.2223,296.9842
12:11:33.3555 PM,-0.07998985,1.541863,0.1273375,289.8444,137.6925,299.3035
12:11:33.3667 PM,-0.07945424,1.54154,0.1295424,289.5533,135.2956,301.3666
12:11:33.3789 PM,-0.07867301,1.540744,0.1322248,289.2935,132.9818,303.2833
12:11:33.3897 PM,-0.07751781,1.539845,0.1361578,288.9852,130.8156,305.103
12:11:33.4007 PM,-0.07705784,1.538846,0.1390855,288.6759,128.5462,307.1334
12:11:33.4117 PM,-0.07616389,1.537578,0.1431108,288.3268,126.3915,309.1465
12:11:33.4227 PM,-0.07532901,1.536351,0.1465731,287.9881,124.3451,311.0058
12:11:33.4336 PM,-0.07446241,1.534948,0.150444,287.7023,122.392,312.6728
12:11:33.4447 PM,-0.0740931,1.533162,0.1533525,287.4805,121.0321,313.3875
12:11:33.4557 PM,-0.0729816,1.531612,0.1568372,287.3753,119.3782,314.4037
12:11:33.4672 PM,-0.07243431,1.529541,0.1597445,287.3276,117.5803,315.4154
12:11:33.4780 PM,-0.07115096,1.527574,0.163271,287.3438,115.1835,317.1984
12:11:33.4897 PM,-0.06984717,1.525565,0.167412,287.4146,112.7639,319.0572
12:11:33.5007 PM,-0.06851774,1.523407,0.1723113,287.5003,109.9916,321.3586
12:11:33.5117 PM,-0.06686306,1.521094,0.1770144,287.6747,106.9577,323.8628
12:11:33.5227 PM,-0.06503451,1.51878,0.1818974,287.9324,103.6869,326.5256
12:11:33.5336 PM,-0.06279248,1.517031,0.1865215,288.2862,100.5094,329.1653
12:11:33.5441 PM,-0.06077582,1.514803,0.1913803,288.7138,97.53139,331.7469
12:11:33.5556 PM,-0.05907613,1.512845,0.1963329,289.1388,94.93819,333.9719
12:11:33.5671 PM,-0.05703294,1.510639,0.2009723,289.5558,92.99357,335.5898
12:11:33.5787 PM,-0.05518121,1.508461,0.2056396,289.972,90.85376,337.2786
12:11:33.5889 PM,-0.05395412,1.505977,0.2080743,290.2081,89.16241,338.4
12:11:33.6005 PM,-0.05239838,1.503845,0.2113099,290.4728,87.42244,339.5504
12:11:33.6115 PM,-0.050695,1.501973,0.2153721,290.6071,85.80072,340.5667
12:11:33.6225 PM,-0.04918003,1.50047,0.219455,290.7244,84.11192,341.586
12:11:33.6335 PM,-0.04746342,1.498745,0.2235665,290.9321,82.42643,342.6664
12:11:33.6445 PM,-0.04539984,1.497178,0.2282984,291.0906,80.51268,344.2676
12:11:33.6565 PM,-0.04324114,1.496101,0.2320173,291.2643,78.72541,345.708
12:11:33.6676 PM,-0.04188198,1.494648,0.2362232,291.3694,76.8843,347.1499
12:11:33.6787 PM,-0.04022074,1.493585,0.2399154,291.463,75.30474,348.222
12:11:33.6897 PM,-0.03843564,1.492239,0.243839,291.5629,73.78028,349.2074
12:11:33.7002 PM,-0.03646284,1.491087,0.2481673,291.6396,72.19625,350.1618
12:11:33.7120 PM,-0.03421354,1.489948,0.2520485,291.7103,70.61669,351.0344
12:11:33.7226 PM,-0.03212041,1.488858,0.255945,291.7981,69.09221,351.8343
12:11:33.7337 PM,-0.02963305,1.487574,0.2593522,291.9194,67.5457,352.7126
12:11:33.7450 PM,-0.0273692,1.486399,0.2633762,292.0528,65.9827,353.5863
12:11:33.7565 PM,-0.0254606,1.485819,0.2679908,292.1676,64.2889,354.6877
12:11:33.7676 PM,-0.02316248,1.484685,0.2722652,292.2933,62.5394,355.9131
12:11:33.7787 PM,-0.02057773,1.48344,0.276531,292.382,60.80982,357.0468
12:11:33.7896 PM,-0.01808512,1.482153,0.2808609,292.4379,59.13173,358.1604
12:11:33.8006 PM,-0.01568854,1.481537,0.285567,292.4792,57.30616,359.5093
12:11:33.8115 PM,-0.0131467,1.480084,0.2902455,292.4524,55.14205,1.359347
12:11:33.8225 PM,-0.01050836,1.478961,0.295577,292.5079,52.66943,3.590124
12:11:33.8336 PM,-0.007646918,1.477666,0.3001106,292.6422,50.29494,5.64457
12:11:33.8447 PM,-0.004663467,1.476276,0.3043871,292.7995,48.49578,6.782264
12:11:33.8557 PM,-0.001484871,1.475071,0.3084047,292.9323,47.05533,7.325715
12:11:33.8667 PM,0.002296627,1.473458,0.3118875,293.0578,46.37222,6.763769
12:11:33.8777 PM,0.005584657,1.472508,0.3166015,293.2487,45.21781,7.103237
12:11:33.8898 PM,0.009378254,1.470809,0.3206682,293.5049,44.26156,7.342409
12:11:33.9008 PM,0.01342297,1.468484,0.3256779,293.8034,42.97656,7.976774
12:11:33.9113 PM,0.01729441,1.466296,0.3301356,294.1646,41.66284,8.867914
12:11:33.9227 PM,0.02126816,1.463886,0.334754,294.6254,40.23629,9.911353
12:11:33.9346 PM,0.02544919,1.461179,0.3395345,294.953,38.92682,10.58989
12:11:33.9446 PM,0.02932304,1.458592,0.3438556,295.1463,37.77824,11.25596
12:11:33.9556 PM,0.03342423,1.457321,0.3475146,295.3038,36.47965,12.09379
12:11:33.9676 PM,0.03744888,1.455056,0.3510385,295.2726,35.29087,12.92271
12:11:33.9779 PM,0.04071775,1.452629,0.3556406,295.3378,34.14627,13.6391
12:11:33.9897 PM,0.04475418,1.450401,0.3590875,295.3295,33.2715,14.09079
12:11:34.0008 PM,0.04827479,1.44756,0.363451,295.3952,32.25401,14.7189
12:11:34.0116 PM,0.05230063,1.445306,0.3671401,295.4963,31.16087,15.45287
12:11:34.0226 PM,0.05584642,1.442032,0.371462,295.6398,29.78448,16.51136
12:11:34.0336 PM,0.05944607,1.43893,0.3757238,295.8416,28.22319,17.70842
12:11:34.0447 PM,0.06292281,1.435663,0.3804806,296.056,26.65928,18.81216
12:11:34.0562 PM,0.06657767,1.432366,0.3851628,296.2986,25.19349,19.76908
12:11:34.0672 PM,0.07020941,1.428776,0.3901389,296.6434,23.80298,20.6021
12:11:34.0782 PM,0.0738821,1.425007,0.3952519,297.1067,22.57985,21.36706
12:11:34.0896 PM,0.077609,1.421166,0.4003501,297.6004,21.43309,22.08417
12:11:34.1006 PM,0.08122963,1.4165,0.4057394,298.2409,20.22072,22.84392
12:11:34.1118 PM,0.08473194,1.412035,0.4109491,298.7651,18.83978,23.8343
12:11:34.1233 PM,0.08808988,1.407408,0.4160924,299.2377,17.37037,24.98245
12:11:34.1337 PM,0.09110731,1.402521,0.4210876,299.5765,15.50589,26.75097
12:11:34.1448 PM,0.09363788,1.397143,0.425976,299.7999,13.23679,29.11074
12:11:34.1556 PM,0.09610373,1.392086,0.4307092,300.0247,11.07603,31.27038
12:11:34.1667 PM,0.09809232,1.386415,0.4351969,300.1514,8.680596,33.85019
12:11:34.1777 PM,0.1001573,1.380964,0.4396466,300.3198,6.4556,36.06751
12:11:34.1898 PM,0.102186,1.375259,0.4440929,300.532,4.364711,38.1502
12:11:34.2008 PM,0.1038256,1.36951,0.4483236,300.7646,2.652766,39.62043
12:11:34.2115 PM,0.1058981,1.363628,0.4526572,301.06,1.106191,40.83453
12:11:34.2226 PM,0.1080359,1.357131,0.4568142,301.2825,0.1762306,40.90885
12:11:34.2335 PM,0.1102708,1.351164,0.4607491,301.5696,359.101,41.33489
12:11:34.2455 PM,0.1126159,1.34414,0.4652824,302.0152,358.4681,41.45484
12:11:34.2562 PM,0.1150001,1.336813,0.4696896,302.6068,357.7879,42.02938
12:11:34.2667 PM,0.1172331,1.329159,0.4744349,303.1527,357.0351,42.73547
12:11:34.2779 PM,0.1191271,1.320891,0.4790988,303.7288,356.0952,44.02819
12:11:34.2887 PM,0.1205882,1.312466,0.4837779,304.4156,354.9683,45.60854
12:11:34.3000 PM,0.1215959,1.303443,0.4886506,305.3242,353.7622,47.55045
12:11:34.3105 PM,0.122823,1.294779,0.4932345,306.221,352.6195,49.16476
12:11:34.3225 PM,0.1234079,1.285125,0.4979765,307.2675,351.3551,50.77282
12:11:34.3326 PM,0.1238405,1.275828,0.5018015,308.2725,350.2757,52.06142
12:11:34.3446 PM,0.123982,1.265541,0.5063455,309.2936,349.3212,52.61067
12:11:34.3556 PM,0.1245969,1.255806,0.5108171,310.0953,348.7693,52.51771
12:11:34.3667 PM,0.1252597,1.245865,0.51528,311.0387,348.3757,52.66
12:11:34.3778 PM,0.1255897,1.235712,0.5191486,312.4008,348.5852,53.01462
12:11:34.3888 PM,0.1259814,1.225711,0.5241262,313.8899,348.9374,53.39281
12:11:34.3995 PM,0.1263078,1.216677,0.5287554,315.3546,350.1397,52.94935
12:11:34.4110 PM,0.1267044,1.207579,0.5317291,316.3419,350.8121,52.4114
12:11:34.4226 PM,0.1266474,1.199487,0.5349406,317.0202,351.7019,51.32087
12:11:34.4327 PM,0.1267586,1.190823,0.5371381,317.728,352.213,50.53899
12:11:34.4437 PM,0.1259509,1.182807,0.5399522,318.1172,352.4445,49.70782
12:11:34.4544 PM,0.1259069,1.173931,0.5417925,318.7053,352.5885,49.39977
12:11:34.4667 PM,0.1250708,1.165502,0.545113,319.1626,352.7621,49.57695
12:11:34.4778 PM,0.124279,1.156998,0.5486084,319.7206,353.2305,50.19541
12:11:34.4889 PM,0.1240625,1.148636,0.550773,320.2673,353.9319,50.63884
12:11:34.4997 PM,0.1234986,1.140403,0.5540744,320.754,354.674,50.64491
12:11:34.5107 PM,0.1230188,1.132239,0.556222,321.3816,355.2492,50.29259
12:11:34.5217 PM,0.12223,1.124062,0.5594335,322.1552,355.6965,49.54751
12:11:34.5334 PM,0.1211831,1.116057,0.5616961,322.895,356.0108,48.68499
12:11:34.5446 PM,0.1202639,1.107763,0.5648397,323.5642,356.3791,48.11644
12:11:34.5551 PM,0.119324,1.099153,0.5667349,324.1502,356.6919,48.0886
12:11:34.5666 PM,0.1181986,1.090836,0.5696763,324.7644,356.9733,48.515
12:11:34.5776 PM,0.1170891,1.082297,0.5726812,325.4583,357.2876,48.95787
12:11:34.5886 PM,0.1159682,1.074324,0.5755903,326.1883,357.5318,49.17968
12:11:34.5998 PM,0.1148413,1.066646,0.5781641,326.853,357.9043,49.23935
12:11:34.6106 PM,0.1138224,1.05897,0.5797782,327.4488,358.3883,49.0571
12:11:34.6216 PM,0.1129571,1.052159,0.5818441,327.8369,359.1738,48.47752
12:11:34.6336 PM,0.1120574,1.045239,0.5836297,328.2133,359.9428,47.88731
12:11:34.6446 PM,0.1112944,1.039041,0.5853798,328.4633,0.9310865,46.9371
12:11:34.6560 PM,0.1106541,1.032719,0.5862018,328.8196,1.8462,45.86951
12:11:34.6666 PM,0.1098259,1.026124,0.5879109,329.2469,2.536089,45.03716
12:11:34.6777 PM,0.1085519,1.019633,0.5894592,329.6097,3.02694,44.14458
12:11:34.6887 PM,0.1073177,1.013135,0.5905919,330.0104,3.23678,43.67115
12:11:34.6996 PM,0.1055358,1.006459,0.5919116,330.3798,3.311234,43.90246
12:11:34.7111 PM,0.1039526,0.9997742,0.5927014,330.6859,3.429815,44.54147
12:11:34.7226 PM,0.1022991,0.9931569,0.5937891,330.9611,3.577977,44.97657
12:11:34.7333 PM,0.1007244,0.9870209,0.5946177,331.1416,3.710566,45.33443
12:11:34.7443 PM,0.09912065,0.9806159,0.5953376,331.3417,3.874691,45.55489
12:11:34.7557 PM,0.09726483,0.975019,0.5968173,331.4609,4.033282,45.58021
12:11:34.7669 PM,0.09540007,0.9694403,0.5978639,331.4736,4.204306,45.46373
12:11:34.7775 PM,0.0938386,0.9635367,0.5984299,331.4303,4.401566,45.22474
12:11:34.7887 PM,0.0920209,0.9576172,0.5993785,331.4645,4.595306,45.02118
12:11:34.7997 PM,0.0907453,0.9518266,0.5999852,331.4379,4.907012,44.77041
12:11:34.8108 PM,0.08941633,0.9459279,0.6007696,331.4466,5.192692,44.72136
12:11:34.8218 PM,0.08810702,0.9404719,0.6022122,331.3639,5.480068,44.80011
12:11:34.8333 PM,0.08693981,0.9346684,0.6029339,331.2606,5.76305,44.90109
12:11:34.8446 PM,0.08559945,0.9292102,0.6042976,331.1801,5.950871,44.98632
12:11:34.8557 PM,0.08433795,0.9235767,0.6050946,331.036,6.138384,45.01833
12:11:34.8668 PM,0.08296099,0.9184769,0.606311,330.792,6.259252,44.79607
12:11:34.8776 PM,0.08180517,0.9134487,0.6070129,330.4221,6.383824,44.29068
12:11:34.8889 PM,0.08077955,0.9084576,0.6075112,330.0071,6.434625,43.90822
12:11:34.9005 PM,0.07958671,0.9034159,0.6082095,329.6062,6.402137,43.76907
12:11:34.9115 PM,0.07801652,0.8987674,0.6097103,329.15,6.01282,44.19385
12:11:34.9226 PM,0.07674718,0.8938404,0.6105697,328.7288,5.789554,44.47293
12:11:34.9336 PM,0.07570806,0.8890425,0.6114819,328.2372,5.576783,44.82817
12:11:34.9446 PM,0.0748792,0.884637,0.6127819,327.7587,5.52476,44.92237
12:11:34.9559 PM,0.07465574,0.8805991,0.6138996,327.239,5.737311,44.73574
12:11:34.9665 PM,0.07422459,0.876572,0.6151752,326.7995,6.012338,44.37335
12:11:34.9780 PM,0.07462022,0.8727039,0.6164043,326.3536,6.685124,43.43083
12:11:34.9885 PM,0.07497552,0.8691119,0.6182435,325.9861,7.318782,42.34212
12:11:34.9996 PM,0.0753414,0.8651854,0.619664,325.6279,7.807203,41.56295
12:11:35.0106 PM,0.07542944,0.8618156,0.622278,325.2418,7.907675,41.23562
12:11:35.0221 PM,0.07541445,0.8582204,0.6241118,324.7715,8.026135,40.99908
12:11:35.0336 PM,0.07529053,0.855262,0.6260818,324.15,7.922798,40.97433
12:11:35.0437 PM,0.07525876,0.8520084,0.6277058,323.4962,7.81539,40.8184
12:11:35.0555 PM,0.07489657,0.8491507,0.6290746,322.6684,7.326328,40.84673
12:11:35.0668 PM,0.0748353,0.8460645,0.6307015,322.0952,7.036247,40.8529
12:11:35.0775 PM,0.07467961,0.8429723,0.6324546,321.7348,6.719213,41.03088
12:11:35.0888 PM,0.07479265,0.8402138,0.6344755,321.587,6.632245,40.91353
12:11:35.0995 PM,0.07538247,0.8373979,0.636036,321.4388,6.704539,40.20501
12:11:35.1110 PM,0.07620084,0.8347788,0.6377095,321.343,7.015291,38.73636
12:11:35.1225 PM,0.07698455,0.8321138,0.6393814,321.293,7.239924,37.32185
12:11:35.1335 PM,0.07790637,0.8293353,0.64117,321.5149,7.53804,35.3853
12:11:35.1445 PM,0.07884043,0.8264935,0.642822,321.5999,7.743778,34.11986
12:11:35.1557 PM,0.07942978,0.8237772,0.6442517,321.5065,7.875995,33.1441
12:11:35.1664 PM,0.08029145,0.821229,0.6450605,321.2895,7.915506,32.33601
12:11:35.1778 PM,0.08054733,0.8187232,0.6457764,320.8042,7.716796,31.75112
12:11:35.1885 PM,0.08093339,0.8165601,0.6460104,320.1845,7.28184,31.28872
12:11:35.2002 PM,0.08110374,0.8140178,0.6462319,319.6831,6.749826,30.98759
12:11:35.2108 PM,0.08085778,0.8112736,0.6469588,319.2294,6.133645,30.54591
12:11:35.2223 PM,0.08077607,0.8085414,0.6472105,318.929,5.598907,30.09417
12:11:35.2335 PM,0.08032539,0.8051785,0.6481224,318.9355,4.950977,29.91635
12:11:35.2447 PM,0.0800851,0.8018158,0.6490771,318.9839,4.357812,29.75382
12:11:35.2558 PM,0.07945788,0.7979835,0.6497912,319.3443,3.447555,30.11575
12:11:35.2663 PM,0.07885948,0.7938923,0.6509662,319.6617,2.589353,30.45356
12:11:35.2772 PM,0.07830331,0.7898642,0.6518075,319.785,1.747728,30.76983
12:11:35.2892 PM,0.07791099,0.7857429,0.6524481,319.8163,1.054708,31.24009
12:11:35.3000 PM,0.07762134,0.7816554,0.652787,319.7994,0.4520394,32.06318
12:11:35.3105 PM,0.07745123,0.7777245,0.6530461,319.7705,359.9348,33.02495
12:11:35.3215 PM,0.07744837,0.7740192,0.6530505,319.6288,359.8087,34.04591
12:11:35.3335 PM,0.07805797,0.7704582,0.6524644,319.4465,359.8979,34.46217
12:11:35.3448 PM,0.07844502,0.7671418,0.6515052,319.4763,359.9006,34.45779
12:11:35.3551 PM,0.07885236,0.763778,0.6509248,319.6425,359.9219,34.37238
12:11:35.3667 PM,0.07929662,0.7604398,0.6498311,320.0744,0.05998181,33.85922
12:11:35.3777 PM,0.07965839,0.7574903,0.6490521,320.6078,0.2202691,33.38855
12:11:35.3887 PM,0.08011234,0.7547779,0.6478589,321.182,0.4483014,32.79035
12:11:35.3997 PM,0.08073354,0.7519332,0.6465666,321.657,0.6526877,32.42298
12:11:35.4106 PM,0.08129248,0.7494218,0.6447818,322.2391,0.9403359,32.18704
12:11:35.4226 PM,0.08230087,0.7469493,0.6427143,322.7641,1.408648,32.08993
12:11:35.4335 PM,0.08347279,0.7447413,0.6403867,323.3598,2.130482,31.90096
12:11:35.4446 PM,0.08509201,0.7426048,0.6377718,324.0321,3.049887,31.42248
12:11:35.4556 PM,0.08671096,0.7405984,0.635308,324.7232,4.047869,30.71891
12:11:35.4667 PM,0.08883137,0.738734,0.632419,325.5718,5.254416,29.68014
12:11:35.4777 PM,0.09075469,0.7371995,0.6297383,326.5307,6.473144,28.45201
12:11:35.4889 PM,0.09276581,0.7356718,0.6267204,327.6083,7.594562,26.83378
12:11:35.4997 PM,0.09460211,0.7340236,0.6233164,328.6129,8.44564,25.68581
12:11:35.5108 PM,0.09576234,0.7328666,0.6200653,329.6125,9.071389,24.79583
12:11:35.5223 PM,0.09679168,0.7323551,0.616914,330.3871,9.393227,24.25666
12:11:35.5336 PM,0.09712061,0.7318518,0.6131985,330.9129,9.440531,24.13106
12:11:35.5446 PM,0.09740683,0.7321151,0.6095483,331.3057,9.481344,24.42037
12:11:35.5556 PM,0.09782773,0.7320977,0.605911,331.88,9.621593,24.76977
12:11:35.5667 PM,0.09769052,0.7323063,0.6018639,332.2405,9.56159,25.49001
12:11:35.5778 PM,0.09741172,0.7333683,0.5982544,332.6017,9.565233,25.74503
12:11:35.5885 PM,0.09718975,0.7346402,0.5938346,332.9162,9.536608,25.56015
12:11:35.5997 PM,0.09701291,0.7361782,0.5900575,333.2905,9.470998,25.26005
12:11:35.6112 PM,0.09656304,0.738195,0.5852289,333.471,9.171782,24.8975
12:11:35.6217 PM,0.0962083,0.7401366,0.5798721,333.7324,9.02838,24.59105
12:11:35.6327 PM,0.09572712,0.7419074,0.5753031,334.0672,8.935363,24.52508
12:11:35.6447 PM,0.09479547,0.743838,0.5712383,334.6423,8.710052,25.23849
12:11:35.6557 PM,0.09383503,0.7454647,0.5671436,335.2671,8.355709,25.96322
12:11:35.6667 PM,0.09228948,0.7464006,0.5632216,336.2213,7.759576,27.20696
12:11:35.6777 PM,0.09074876,0.7471276,0.5595446,337.4227,7.150384,28.08409
12:11:35.6892 PM,0.08931544,0.7472628,0.5558757,338.7627,6.558886,28.41962
12:11:35.7000 PM,0.08759725,0.7474844,0.5514961,340.0597,6.291141,27.91335
12:11:35.7105 PM,0.08588824,0.7478522,0.5476602,341.4024,6.150663,27.73206
12:11:35.7215 PM,0.08390245,0.7484853,0.544096,342.8055,6.108877,27.90718
12:11:35.7321 PM,0.08187529,0.7492217,0.5404654,344.1305,5.934843,28.14589
12:11:35.7436 PM,0.07964167,0.7504271,0.5369848,345.3352,5.672672,28.77236
12:11:35.7555 PM,0.07787219,0.7514038,0.5335739,346.596,5.535424,29.23243
12:11:35.7667 PM,0.07628459,0.7521264,0.5305613,347.9981,5.469339,30.06081
12:11:35.7777 PM,0.07484105,0.7529457,0.5272577,349.4073,5.344275,30.92114
12:11:35.7887 PM,0.07349843,0.753703,0.5241818,351.1407,5.395657,32.25003
12:11:35.7997 PM,0.07179561,0.7546546,0.5206568,352.744,5.563193,32.96127
12:11:35.8108 PM,0.07057983,0.7559841,0.5166838,354.3252,6.145343,32.98601
12:11:35.8223 PM,0.06958616,0.7575875,0.5121725,355.0299,6.922641,31.65443
12:11:35.8324 PM,0.0689885,0.7592907,0.5070027,355.3495,7.712903,30.13578
12:11:35.8455 PM,0.06923369,0.7619088,0.5011336,354.4647,8.730551,27.01022
12:11:35.8555 PM,0.06927413,0.7643014,0.4961755,354.4541,9.382119,25.3205
12:11:35.8666 PM,0.06884885,0.766321,0.4906758,354.5884,9.398259,24.08688
12:11:35.8771 PM,0.06690422,0.7672877,0.4859375,354.9442,8.557631,24.36126
12:11:35.8887 PM,0.06442553,0.7685922,0.4815441,354.9435,7.499074,25.37175
12:11:35.8998 PM,0.06164536,0.7690722,0.4772171,354.8027,6.430129,26.65849
12:11:35.9108 PM,0.05950549,0.7701592,0.4729658,354.8246,5.695761,27.09163
12:11:35.9223 PM,0.05723441,0.7700976,0.4687862,354.9655,4.585307,27.19782
12:11:35.9333 PM,0.0549376,0.7701324,0.4648596,355.1696,3.398245,26.45923
12:11:35.9443 PM,0.05270278,0.7690955,0.460801,355.5309,2.202665,26.05444
12:11:35.9548 PM,0.05022815,0.7679681,0.456669,356.0432,1.308084,26.2386
12:11:35.9666 PM,0.04820892,0.7652883,0.4534385,356.8672,0.4825123,27.34541
12:11:35.9779 PM,0.0464164,0.7622275,0.4505563,357.8309,359.6385,28.78693
12:11:35.9888 PM,0.04500464,0.7589534,0.447335,358.8903,358.9112,29.69784
12:11:35.9995 PM,0.04494789,0.7543389,0.4442227,0.2462518,358.4519,29.73479
12:11:36.0105 PM,0.04450592,0.7506897,0.4412409,1.227948,357.9926,29.51258
12:11:36.0215 PM,0.04528853,0.7471258,0.4382262,2.008589,357.798,28.82551
12:11:36.0320 PM,0.04579002,0.7438248,0.4354999,2.518755,357.5765,28.70354
12:11:36.0445 PM,0.04751173,0.7407582,0.4332728,2.44209,357.7863,29.52536
12:11:36.0556 PM,0.04858863,0.7371282,0.4311274,2.721349,357.7746,30.22124
12:11:36.0666 PM,0.0506832,0.7332811,0.4298464,2.860419,357.8994,31.03082
12:11:36.0776 PM,0.05284616,0.7289324,0.4289594,3.150956,358.0361,31.14771
12:11:36.0887 PM,0.05537999,0.7247226,0.4285573,3.512548,358.2321,31.24266
12:11:36.0997 PM,0.05816501,0.7192591,0.429545,4.217503,358.5385,30.99788
12:11:36.1102 PM,0.06063408,0.7142406,0.4293001,4.808494,358.7802,31.0602
12:11:36.1217 PM,0.06357041,0.70869,0.4297783,5.604108,359.1748,31.49025
12:11:36.1327 PM,0.06602502,0.7036408,0.4294921,6.218065,359.4506,31.96838
12:11:36.1437 PM,0.06825966,0.6985652,0.429033,7.042284,359.973,33.2287
12:11:36.1546 PM,0.0708499,0.6937586,0.4284554,7.755295,0.4536312,33.74083
12:11:36.1656 PM,0.07290447,0.6899771,0.427511,8.219369,0.6977148,33.54296
12:11:36.1777 PM,0.07462704,0.6866331,0.4272401,8.245365,0.5221606,32.49252
12:11:36.1887 PM,0.07571298,0.6837863,0.4272013,8.312799,0.3753269,31.71284
12:11:36.1991 PM,0.07585832,0.6814029,0.4273958,8.234383,359.9321,31.39244
12:11:36.2105 PM,0.07648709,0.6783435,0.4275324,8.323533,359.5746,31.56565
12:11:36.2220 PM,0.07613844,0.6767617,0.427932,8.132991,359.0343,31.9778
12:11:36.2325 PM,0.07646948,0.6749767,0.4279394,7.901144,358.6857,32.22425
12:11:36.2435 PM,0.07655874,0.6744742,0.4282084,7.527951,358.4061,32.27797
12:11:36.2545 PM,0.07667595,0.6736233,0.4286492,7.391623,358.1219,32.14862
12:11:36.2666 PM,0.07723984,0.6727625,0.429139,7.711868,358.173,30.6685
12:11:36.2769 PM,0.07835427,0.6722569,0.4299227,8.046089,358.2916,27.8622
12:11:36.2886 PM,0.07914376,0.6718659,0.4306071,8.480239,358.4402,24.98268
12:11:36.2996 PM,0.07989633,0.6714942,0.4317291,9.04538,358.7143,22.67766
12:11:36.3108 PM,0.0809885,0.6717057,0.4329509,9.515681,359.3299,20.61628
12:11:36.3216 PM,0.08147988,0.6730015,0.4345253,9.585146,359.8647,18.73671
12:11:36.3327 PM,0.08194366,0.6749876,0.4358485,9.155539,359.9739,17.20978
12:11:36.3437 PM,0.0816437,0.6767563,0.4374422,8.661114,359.8861,15.725
12:11:36.3545 PM,0.08119056,0.6791449,0.4391304,7.605956,359.3318,14.8361
12:11:36.3661 PM,0.08034661,0.681282,0.4402623,6.410017,358.7162,14.63091
12:11:36.3776 PM,0.07930309,0.6830487,0.4414091,5.25141,358.0407,15.14765
12:11:36.3880 PM,0.07847327,0.6847131,0.4423995,4.489718,357.558,15.42561
12:11:36.3997 PM,0.07788244,0.6849759,0.443728,4.477835,357.4397,15.68647
12:11:36.4102 PM,0.07778564,0.6843448,0.4452273,4.780252,357.7781,15.34139
12:11:36.4221 PM,0.07839665,0.6833084,0.4467851,5.326257,358.3346,14.12848
12:11:36.4326 PM,0.07941079,0.6821432,0.4484031,5.92463,359.0654,11.67686
12:11:36.4435 PM,0.08022717,0.6806898,0.4497515,6.502451,359.5213,9.202616
12:11:36.4536 PM,0.08108637,0.6781686,0.4512384,7.317988,0.07071014,5.775853
12:11:36.4667 PM,0.08162698,0.6760808,0.4526117,7.995186,0.2706197,3.355566
12:11:36.4777 PM,0.08154029,0.6731479,0.4536803,8.786447,359.9673,1.116433
12:11:36.4878 PM,0.0813238,0.6707762,0.454953,9.555616,359.5068,359.5934
12:11:36.4995 PM,0.07986853,0.6677052,0.4558774,10.52581,358.6766,359.2476
12:11:36.5105 PM,0.0786593,0.6648405,0.4570868,11.46818,358.4006,359.6771
12:11:36.5220 PM,0.07753953,0.6622995,0.4580263,12.27818,358.2824,0.440871
12:11:36.5325 PM,0.0766499,0.660311,0.4595696,12.75765,358.2905,0.714757
12:11:36.5434 PM,0.07569572,0.658347,0.4607733,13.12554,358.12,0.6109043
12:11:36.5555 PM,0.07424372,0.6566411,0.4626007,13.1927,357.7578,0.2250664
12:11:36.5656 PM,0.07261214,0.6547757,0.4643942,13.24061,357.3409,359.8759
12:11:36.5776 PM,0.07082444,0.6532214,0.465884,13.20231,356.8431,359.8202
12:11:36.5877 PM,0.06867129,0.6514476,0.4680295,13.30055,356.332,359.7199
12:11:36.5989 PM,0.06617907,0.649639,0.4700997,13.22046,355.583,0.004044309
12:11:36.6105 PM,0.06410614,0.647608,0.4716922,13.27481,354.9407,0.3482032
12:11:36.6217 PM,0.06195644,0.6453231,0.4736965,13.42601,354.3307,0.7875764
12:11:36.6333 PM,0.06001246,0.6426374,0.4755646,13.71917,353.7608,1.120297
12:11:36.6433 PM,0.05827269,0.6400698,0.4779339,14.12047,353.3239,1.187028
12:11:36.6546 PM,0.05677959,0.6373283,0.4796845,14.57035,352.9178,1.244551
12:11:36.6661 PM,0.055565,0.6345925,0.4813247,15.11378,352.5554,0.9036878
12:11:36.6770 PM,0.05466014,0.6315069,0.4833094,15.97736,352.2536,0.3357489
12:11:36.6897 PM,0.05338842,0.6281791,0.4854109,16.83412,352.0794,359.742
12:11:36.6987 PM,0.05241096,0.6248258,0.4876513,17.72513,351.9821,359.2417
12:11:36.7107 PM,0.05138403,0.6216949,0.4904866,18.29913,351.9973,359.3168
12:11:36.7207 PM,0.05047765,0.6190161,0.4930494,18.52868,352.0089,359.3494
12:11:36.7326 PM,0.04941168,0.6162504,0.4954545,18.7615,351.9654,359.2409
12:11:36.7437 PM,0.04814905,0.6132531,0.4980117,19.01493,351.7231,359.3022
12:11:36.7549 PM,0.04640481,0.610391,0.500291,19.05106,351.2408,359.8646
12:11:36.7667 PM,0.04476678,0.6073976,0.5030947,19.13778,350.7386,0.7742495
12:11:36.7767 PM,0.04332867,0.604364,0.5049534,19.46851,350.3451,1.961731
12:11:36.7878 PM,0.04205954,0.600516,0.5067271,20.19105,350.0649,3.083046
12:11:36.7987 PM,0.04089579,0.596679,0.5085393,20.93504,349.7907,4.067529
12:11:36.8098 PM,0.03990224,0.5920488,0.5096949,21.92295,349.7762,4.873513
12:11:36.8212 PM,0.03930268,0.5881183,0.5114882,22.8531,349.9166,5.646487
12:11:36.8327 PM,0.03886816,0.584295,0.5134413,23.79817,350.5568,6.177697
12:11:36.8437 PM,0.0382345,0.5809233,0.5154138,24.47619,351.0386,6.738921
12:11:36.8547 PM,0.03789949,0.5780748,0.5173378,24.95155,351.502,7.337875
12:11:36.8667 PM,0.0371649,0.5750821,0.5192976,25.40405,351.74,8.120989
12:11:36.8775 PM,0.03618851,0.5727255,0.5209945,25.63866,351.81,9.456606
12:11:36.8885 PM,0.03490445,0.5700952,0.522935,25.88844,351.7504,11.2013
12:11:36.8996 PM,0.03295684,0.5678667,0.5242578,25.83218,351.2564,13.9287
12:11:36.9106 PM,0.03106219,0.5663258,0.5254281,25.7349,349.5427,16.65307
12:11:36.9217 PM,0.02690133,0.5645716,0.525695,25.7907,347.4272,19.52463
12:11:36.9327 PM,0.02369365,0.5633253,0.5267304,26.08577,345.5447,23.03494
12:11:36.9436 PM,0.02059856,0.5616527,0.527402,26.7332,343.9909,26.25194
12:11:36.9546 PM,0.01726466,0.5616324,0.5281695,27.83702,342.6997,29.85203
12:11:36.9661 PM,0.01492417,0.5616796,0.5292672,28.47404,342.2,32.68121
12:11:36.9767 PM,0.01370323,0.562699,0.5307025,28.81801,342.0261,35.24481
12:11:36.9879 PM,0.01258028,0.5664008,0.5338366,28.27659,342.6843,37.17097
12:11:36.9996 PM,0.01144868,0.5684605,0.5372362,27.98959,343.0995,39.76939
12:11:37.0106 PM,0.01108068,0.5720019,0.541339,27.14938,344.0723,42.10625
12:11:37.0216 PM,0.01058123,0.5752543,0.5452667,26.19761,344.687,43.26672
12:11:37.0321 PM,0.01009497,0.5788705,0.5497481,24.95214,345.075,43.86097
12:11:37.0433 PM,0.00895682,0.5815066,0.5530221,23.80187,344.7393,45.0288
12:11:37.0541 PM,0.007434726,0.5840661,0.5565192,22.80389,344.2275,46.81577
12:11:37.0657 PM,0.005736828,0.5851982,0.5576956,21.90735,343.208,49.71293
12:11:37.0769 PM,0.004090756,0.5864965,0.5594144,21.0897,342.2707,53.12526
12:11:37.0877 PM,0.003295004,0.5871085,0.5619773,20.36386,341.3892,56.70324
12:11:37.0987 PM,0.002664179,0.5878636,0.5645785,19.70813,340.583,60.05645
12:11:37.1105 PM,0.002526104,0.588204,0.5659916,19.25816,340.2428,63.53222
12:11:37.1210 PM,0.003261566,0.5887152,0.5683223,18.68782,340.5481,67.11868
12:11:37.1325 PM,0.004615396,0.5897946,0.5709194,18.08263,341.3619,70.44827
12:11:37.1436 PM,0.00537765,0.5911083,0.5720878,17.5198,342.018,72.90063
12:11:37.1550 PM,0.006734371,0.5930406,0.5747161,16.93732,342.3997,74.8987
12:11:37.1660 PM,0.007782787,0.5960047,0.5767639,16.09403,342.3866,75.02739
12:11:37.1766 PM,0.008795887,0.5987101,0.579481,15.35168,342.4886,76.23692
12:11:37.1877 PM,0.009405971,0.6018147,0.5820264,14.37997,342.3597,76.32133
12:11:37.1992 PM,0.01012251,0.6043153,0.5839128,13.57347,342.5748,77.53756
12:11:37.2107 PM,0.01139879,0.6087258,0.5876623,12.43269,343.1176,77.78464
12:11:37.2212 PM,0.01242375,0.6131673,0.5914134,11.24309,343.693,77.42156
12:11:37.2317 PM,0.01363927,0.6179774,0.595475,10.24907,344.3119,77.04393
12:11:37.2435 PM,0.01466852,0.6222201,0.5985229,9.369189,344.9139,77.10225
12:11:37.2545 PM,0.01620796,0.6271718,0.6025774,8.636178,345.826,76.84823
12:11:37.2657 PM,0.01757532,0.6324369,0.607429,8.281272,346.9344,76.78847
12:11:37.2767 PM,0.01910177,0.6379148,0.6128474,8.293709,348.4108,77.82254
12:11:37.2879 PM,0.02089021,0.6363177,0.6193112,12.75379,349.9075,82.78611
12:11:37.2987 PM,0.02236646,0.639962,0.6253114,12.88041,350.6697,84.02784
12:11:37.3103 PM,0.02286825,0.647284,0.6299504,12.26108,351.0389,83.12144
12:11:37.3208 PM,0.02233088,0.6564097,0.6335806,10.21577,351.1451,82.77496
12:11:37.3321 PM,0.02125329,0.6654381,0.6386029,8.343071,351.0778,84.04118
12:11:37.3435 PM,0.01769778,0.6777763,0.6437104,5.301056,350.1661,85.55713
12:11:37.3543 PM,0.01528892,0.6888269,0.6492949,2.916687,349.7871,84.57639
12:11:37.3658 PM,0.01410785,0.6987355,0.6540589,0.6494334,349.6701,83.63743
12:11:37.3765 PM,0.01315472,0.7093598,0.6594137,358.5215,349.7773,82.27633
12:11:37.3878 PM,0.01337522,0.7177834,0.6638476,356.7571,350.0555,81.23524
12:11:37.3985 PM,0.01267853,0.7265129,0.6687155,355.3066,350.1495,80.96097
12:11:37.4095 PM,0.01351261,0.7321512,0.6732543,354.4437,350.4045,81.13755
12:11:37.4215 PM,0.01329532,0.7379495,0.6800606,354.3268,350.7719,82.94977
12:11:37.4325 PM,0.01481292,0.7402039,0.6846673,354.8561,351.5368,85.41105
12:11:37.4435 PM,0.01723537,0.7414418,0.6898562,355.5963,352.4271,86.67567
12:11:37.4545 PM,0.01773912,0.7455046,0.6972935,356.1588,352.9892,86.67188
12:11:37.4656 PM,0.01902965,0.7468709,0.7015446,357.253,353.2842,84.70505
12:11:37.4767 PM,0.0191552,0.7500727,0.7074209,358.075,353.2743,82.39034
12:11:37.4877 PM,0.0185985,0.7535744,0.7120118,358.6228,352.4857,77.94569
12:11:37.4987 PM,0.02166381,0.7651843,0.7169913,354.9427,353.7805,85.98033
12:11:37.5098 PM,0.02652034,0.7769091,0.7226481,351.0388,354.8833,90.63097
12:11:37.5209 PM,0.02921227,0.7894047,0.731299,348.5789,355.6725,80.42693
12:11:37.5326 PM,0.0320603,0.7984548,0.7362441,346.6524,356.5607,76.90865
12:11:37.5436 PM,0.03485975,0.8046061,0.7380886,345.5057,357.8207,76.4485
12:11:37.5536 PM,0.03766245,0.8100092,0.7403939,344.0945,358.5601,79.86409
12:11:37.5656 PM,0.04139295,0.8157504,0.7454036,342.5737,359.2389,82.86916
12:11:37.5769 PM,0.04465079,0.8212952,0.7508072,341.0351,359.7699,82.36359
12:11:37.5877 PM,0.04711673,0.826358,0.7554164,339.3864,0.3306223,82.5948
12:11:37.5987 PM,0.04937503,0.8323254,0.759801,337.751,0.9212397,82.43171
12:11:37.6101 PM,0.05080438,0.836127,0.7616931,336.649,1.122223,81.23546
12:11:37.6216 PM,0.05205837,0.8403878,0.7647566,335.3097,1.063145,82.42779
12:11:37.6326 PM,0.05347916,0.8429944,0.7668796,334.2255,0.9574204,82.81009
12:11:37.6433 PM,0.05465731,0.8444859,0.7682319,333.6804,1.007554,81.68317
12:11:37.6547 PM,0.05629063,0.8450724,0.7713187,333.3083,1.105238,82.53368
12:11:37.6658 PM,0.05788574,0.8434736,0.772976,333.4155,1.235315,84.75662
12:11:37.6768 PM,0.05881897,0.8416296,0.7742164,333.7047,1.074968,85.73326
12:11:37.6877 PM,0.05953094,0.8397915,0.7754885,334.1608,0.7839794,85.93464
12:11:37.6987 PM,0.05878881,0.8366461,0.7772622,335.1271,0.1491512,86.43525
12:11:37.7097 PM,0.05797386,0.8324511,0.7788578,336.051,359.1251,88.48444
12:11:37.7207 PM,0.05698946,0.8274979,0.7796327,337.1004,357.769,91.81346
12:11:37.7323 PM,0.05547583,0.8219578,0.7806209,338.2572,356.265,95.9614
12:11:37.7427 PM,0.05438167,0.8165393,0.7815509,339.3927,354.9172,100.0981
12:11:37.7537 PM,0.05283645,0.8124706,0.783828,340.5911,353.8858,105.1947
12:11:37.7648 PM,0.05289951,0.8102928,0.7846878,341.0399,352.9727,110.4239
12:11:37.7765 PM,0.05246514,0.8093721,0.78659,341.0476,352.164,115.1038
12:11:37.7876 PM,0.05285412,0.8074786,0.7870215,341.5013,351.2711,118.4589
12:11:37.7988 PM,0.05186918,0.8058727,0.7887281,342.1654,350.2426,118.9841
12:11:37.8097 PM,0.05280063,0.8059872,0.7894725,342.2653,349.7621,119.4726
12:11:37.8207 PM,0.05403253,0.8071529,0.7894827,341.9102,349.6785,120.2382
12:11:37.8317 PM,0.05481344,0.8083211,0.7907732,342.0043,349.5726,121.0319
12:11:37.8437 PM,0.05632266,0.8105171,0.7915754,342.2241,349.6471,120.5154
12:11:37.8537 PM,0.05674753,0.8123326,0.7931005,342.7727,349.5955,119.4833
12:11:37.8657 PM,0.05802232,0.8139125,0.7937493,343.021,349.6536,118.7316
12:11:37.8767 PM,0.05854443,0.8156916,0.7955654,343.1889,349.6293,119.6187
12:11:37.8877 PM,0.05967322,0.8173677,0.7966063,343.3908,349.5315,120.9537
12:11:37.8987 PM,0.0599317,0.8193359,0.7971492,343.5136,349.2292,122.8364
12:11:37.9098 PM,0.06057128,0.8210183,0.7984068,343.5583,348.9912,124.0979
12:11:37.9207 PM,0.06038058,0.8233567,0.8010505,343.9012,348.7642,126.0685
12:11:37.9322 PM,0.06015459,0.8253174,0.8023138,344.3512,348.366,127.6034
12:11:37.9423 PM,0.06032619,0.8277054,0.8040527,344.1386,347.902,129.262
12:11:37.9536 PM,0.06091657,0.8307484,0.8062245,343.9436,347.5863,130.8319
12:11:37.9657 PM,0.0617629,0.8337935,0.8081727,343.8314,347.4333,132.0551
12:11:37.9767 PM,0.06267878,0.8370382,0.8098106,343.7645,347.4895,132.1267
12:11:37.9869 PM,0.06311017,0.8408608,0.8121042,343.6947,347.4552,131.2884
12:11:37.9987 PM,0.06381229,0.8447458,0.8140985,343.4576,347.4186,130.6951
12:11:38.0099 PM,0.06450009,0.849177,0.8166554,343.2022,347.7033,130.5152
12:11:38.0206 PM,0.06586161,0.8531505,0.8189473,342.9948,348.1756,131.0176
12:11:38.0321 PM,0.06681359,0.8561743,0.8207614,342.8395,348.5477,131.7111
12:11:38.0436 PM,0.06779167,0.8594758,0.8228534,342.5281,348.841,131.9831
12:11:38.0546 PM,0.06823274,0.8627124,0.8242182,342.2,348.9265,131.8446
12:11:38.0656 PM,0.06854707,0.8659619,0.8259163,341.8248,348.9008,131.3885
12:11:38.0768 PM,0.06837127,0.8683257,0.8278407,341.6899,348.7916,131.0203
12:11:38.0878 PM,0.0688,0.8705156,0.8287023,341.6506,348.9135,131.5423
12:11:38.0988 PM,0.06904683,0.8726118,0.8305796,341.5688,348.9706,132.208
12:11:38.1098 PM,0.0693174,0.874772,0.8318547,341.467,348.9974,132.8473
12:11:38.1206 PM,0.06876883,0.8770714,0.8345121,341.4853,349.0006,133.0961
12:11:38.1316 PM,0.06838074,0.8787004,0.8358532,341.287,349.0198,132.9423
12:11:38.1421 PM,0.06785655,0.8806439,0.838143,341.1381,348.9708,133.2794
12:11:38.1536 PM,0.06726116,0.8814538,0.8396882,341.1246,348.9142,133.8082
12:11:38.1658 PM,0.06644323,0.8825556,0.8422574,341.0776,348.8557,134.0508
12:11:38.1766 PM,0.06576481,0.8831243,0.8448843,341.0804,348.8455,134.1646
12:11:38.1869 PM,0.0650855,0.8833941,0.8471751,341.0694,348.9303,134.0467
12:11:38.1987 PM,0.06427065,0.8840156,0.8496722,341.0113,348.9415,133.766
12:11:38.2097 PM,0.06309384,0.8846042,0.8525888,340.9286,348.9869,133.2582
12:11:38.2202 PM,0.0616684,0.8844736,0.8550782,341.0036,348.9368,132.5383
12:11:38.2321 PM,0.0598892,0.8838809,0.8567475,341.0121,348.8454,132.1892
12:11:38.2435 PM,0.05826718,0.8832975,0.8594977,341.1767,348.8262,132.6592
12:11:38.2535 PM,0.05673364,0.8826512,0.8625411,341.4348,348.7857,132.6911
12:11:38.2656 PM,0.05543637,0.8818556,0.8655667,341.7046,348.7686,133.104
12:11:38.2766 PM,0.05414537,0.8803968,0.8682343,341.9957,348.7352,134.3414
12:11:38.2877 PM,0.05294901,0.8793009,0.8708787,342.1735,348.5765,135.5375
12:11:38.2988 PM,0.05155438,0.8774011,0.8727808,342.4297,348.2576,136.7975
12:11:38.3099 PM,0.04993284,0.8765247,0.8752009,342.519,347.8935,137.4243
12:11:38.3208 PM,0.04799604,0.8755889,0.8770961,342.5888,347.5942,137.5493
12:11:38.3316 PM,0.04630363,0.8756486,0.879575,342.594,347.3783,137.5234
12:11:38.3421 PM,0.04507154,0.874953,0.8820305,342.9459,347.4368,138.0091
12:11:38.3536 PM,0.0449124,0.8739647,0.8848594,343.4627,347.7037,138.9707
12:11:38.3646 PM,0.04465088,0.8726076,0.886876,343.9645,347.8211,141.357
12:11:38.3766 PM,0.04444703,0.8716553,0.8895676,344.5662,347.8505,143.8237
12:11:38.3877 PM,0.04389918,0.8704556,0.8923068,345.0199,347.7877,145.8917
12:11:38.3989 PM,0.04367885,0.8703704,0.8943603,345.1829,347.5629,148.3199
12:11:38.4095 PM,0.04329515,0.8698605,0.8953122,345.2587,347.2898,150.1381
12:11:38.4210 PM,0.04348895,0.8683237,0.896292,345.5902,347.0224,151.6575
12:11:38.4315 PM,0.04359618,0.8668485,0.8978664,345.9594,346.6717,153.9516
12:11:38.4420 PM,0.04336822,0.8651197,0.9000865,346.4894,346.3949,156.4562
12:11:38.4535 PM,0.04339176,0.8632078,0.901957,347.0927,346.1148,159.6487
12:11:38.4650 PM,0.04351586,0.8618003,0.9034675,347.622,345.9895,162.6136
12:11:38.4767 PM,0.04343981,0.8609493,0.9052374,347.9536,345.7871,164.3386
12:11:38.4867 PM,0.04295027,0.8607067,0.9069688,348.147,345.7094,165.0601
12:11:38.4989 PM,0.04294786,0.860173,0.9088402,348.3859,345.6727,165.9242
12:11:38.5096 PM,0.04322872,0.8590363,0.909287,348.6136,345.8581,166.4955
12:11:38.5203 PM,0.04341593,0.8585203,0.9109267,348.7858,345.9877,167.1518
12:11:38.5318 PM,0.04298964,0.8573012,0.9103245,348.8304,346.1021,166.5717
12:11:38.5418 PM,0.04173332,0.8564091,0.9110203,348.8991,346.0217,166.3119
12:11:38.5546 PM,0.0411059,0.855437,0.912114,349.0496,345.9252,166.4068
12:11:38.5646 PM,0.04037687,0.8536754,0.9125856,349.2901,345.8717,166.9095
12:11:38.5766 PM,0.03960606,0.8521773,0.9140623,349.5976,345.7358,167.4825
12:11:38.5876 PM,0.03819841,0.8505396,0.9154745,349.939,345.6419,167.9367
12:11:38.5987 PM,0.03710282,0.8494256,0.9171088,350.1722,345.5569,168.3067
12:11:38.6091 PM,0.03540853,0.8484381,0.9183178,350.3291,345.5422,168.2236
12:11:38.6206 PM,0.03351983,0.8471246,0.9186745,350.4429,345.4454,167.6509
12:11:38.6321 PM,0.031587,0.8457235,0.9198947,350.6902,345.2762,167.1991
12:11:38.6426 PM,0.03003654,0.8430565,0.9200683,351.0321,345.2336,167.3289
12:11:38.6556 PM,0.02905032,0.8407688,0.9208757,351.8372,345.2074,168.0046
12:11:38.6646 PM,0.02750263,0.838618,0.9218599,352.3238,345.118,168.2336
12:11:38.6757 PM,0.02646548,0.8378574,0.9229558,352.7393,344.9865,169.3795
12:11:38.6867 PM,0.02576134,0.8364175,0.9222467,353.0327,344.9493,170.4462
12:11:38.6985 PM,0.02555752,0.8363084,0.923746,353.2549,344.9125,171.8163
12:11:38.7096 PM,0.02587539,0.8355463,0.9235698,353.4326,344.9961,172.6441
12:11:38.7201 PM,0.02613261,0.8355886,0.9244066,353.5742,345.1758,173.2157
12:11:38.7321 PM,0.0270597,0.8348769,0.9232317,353.5785,345.2632,172.5942
12:11:38.7421 PM,0.03269601,0.8406063,0.931145,353.699,345.0937,172.3542
12:11:38.7536 PM,0.03261712,0.8414661,0.9315362,353.5152,345.034,171.7166
12:11:38.7647 PM,0.0316785,0.8449417,0.9395584,353.4332,344.9514,171.3578
12:11:38.7764 PM,0.03132823,0.8467149,0.940636,353.2761,345.0987,170.9864
12:11:38.7870 PM,0.03079021,0.8478987,0.9417849,353.1243,345.1852,170.6364
12:11:38.7985 PM,0.03020927,0.8493883,0.9427789,352.993,345.2964,170.3608
12:11:38.8098 PM,0.03073904,0.8501454,0.9439644,352.8728,345.4844,170.9019
12:11:38.8205 PM,0.03047743,0.8510462,0.9443694,352.841,345.6072,171.0865
12:11:38.8315 PM,0.03014845,0.8526785,0.9441857,352.6181,345.951,170.9666
12:11:38.8435 PM,0.03008765,0.8547143,0.9455918,352.3781,346.3758,171.3866
12:11:38.8535 PM,0.03000522,0.8571706,0.9472018,352.0761,346.6612,172.5236
12:11:38.8655 PM,0.02967367,0.8593647,0.9462143,351.7406,347.0382,173.6069
12:11:38.8825 PM,0.02914658,0.8617203,0.9472823,351.5364,347.4096,174.4518
12:11:38.8910 PM,0.02957791,0.8628122,0.9454585,351.4717,347.881,175.5642
12:11:38.8976 PM,0.02917388,0.8637617,0.9450337,351.4481,348.2596,176.291
12:11:38.9071 PM,0.02797061,0.8652093,0.9457853,351.4411,348.6029,176.9202
12:11:38.9186 PM,0.02654499,0.8661101,0.9456795,351.4338,348.9243,177.4508
12:11:38.9295 PM,0.02410614,0.8673478,0.9465089,351.357,349.05,177.771
12:11:38.9400 PM,0.02190778,0.8683769,0.9461601,351.2067,348.8913,177.9255
12:11:38.9510 PM,0.01912257,0.8694047,0.9466445,351.1584,348.5941,178.3915
12:11:38.9615 PM,0.017652,0.8703153,0.9474148,351.1425,348.5795,179.1586
12:11:38.9725 PM,0.0164063,0.8704198,0.9483057,351.5177,348.3433,180.9663
12:11:38.9835 PM,0.01434582,0.8701975,0.9479673,351.8815,348.3769,182.032
12:11:38.9945 PM,0.01331812,0.8699404,0.9486071,352.4892,348.2113,182.7399
12:11:39.0060 PM,0.01258484,0.8711724,0.9490535,352.7083,348.2856,183.9395
12:11:39.0166 PM,0.01153249,0.8726909,0.949114,352.5674,348.3606,184.3349
12:11:39.0339 PM,0.01110229,0.8742314,0.9493989,352.5388,348.4622,183.877
12:11:39.0420 PM,0.01046851,0.8760361,0.9492207,352.6009,348.7209,184.0115
12:11:39.0500 PM,0.01074302,0.8773293,0.9491903,352.3967,349.2677,184.3205
12:11:39.0595 PM,0.01040226,0.8789244,0.9489492,352.1055,349.6702,183.854
12:11:39.0705 PM,0.01030871,0.8800625,0.9496505,351.8603,349.9141,182.6856
12:11:39.0825 PM,0.009734452,0.881023,0.9495145,351.6851,350.0377,182.1346
12:11:39.0935 PM,0.009570479,0.8820931,0.9497974,351.6172,350.0539,182.1547
12:11:39.1046 PM,0.0103187,0.8819245,0.9490005,351.855,349.8564,183.9481
12:11:39.1156 PM,0.01083544,0.8823364,0.9488454,351.991,349.805,185.3003
12:11:39.1266 PM,0.01091293,0.8824677,0.9489466,351.9944,349.8098,185.8482
12:11:39.1375 PM,0.01129588,0.8825813,0.9485116,351.9795,349.8539,186.0522
12:11:39.1485 PM,0.01184669,0.8830699,0.9489148,351.8631,350.0388,186.3462
12:11:39.1593 PM,0.01229119,0.8843354,0.9504378,351.718,350.5276,186.5189
12:11:39.1708 PM,0.01275185,0.8846647,0.950855,351.5446,350.8001,186.4405
12:11:39.1818 PM,0.01275674,0.8842624,0.9509932,351.3315,351.0166,185.8274
12:11:39.1921 PM,0.01245344,0.88361,0.9507645,351.2574,350.9777,184.7952
12:11:39.2036 PM,0.01130748,0.8822281,0.9508252,351.302,350.6438,184.0237
12:11:39.2157 PM,0.01056743,0.8804312,0.9503523,351.5151,350.3379,183.9427
12:11:39.2269 PM,0.00919047,0.8783898,0.950686,351.8004,350.0455,184.1097
12:11:39.2374 PM,0.008289039,0.8760601,0.9503409,352.0074,349.8424,184.0684
12:11:39.2485 PM,0.006320626,0.8740839,0.9506909,352.2231,349.5056,183.9166
12:11:39.2596 PM,0.004231632,0.8717961,0.9508562,352.4473,349.2495,183.6981
12:11:39.2711 PM,0.002404839,0.8699748,0.9514987,352.6721,349.003,183.618
12:11:39.2816 PM,0.0006804168,0.8686875,0.9522005,352.7605,348.9663,184.0529
12:11:39.2927 PM,-0.0009575486,0.8671546,0.9524362,352.8757,348.8465,183.8008
12:11:39.3043 PM,-0.003032804,0.866129,0.9531462,352.937,348.6969,182.9387
12:11:39.3155 PM,-0.004788101,0.8648826,0.9539042,352.9742,348.6023,182.2655
12:11:39.3267 PM,-0.007196486,0.8644072,0.9548134,352.8658,348.5091,181.2499
12:11:39.3375 PM,-0.01024765,0.8628708,0.9551324,352.8361,348.2612,180.2575
12:11:39.3485 PM,-0.01363745,0.8620401,0.9558339,352.9158,347.9113,179.5341
12:11:39.3595 PM,-0.01724437,0.8599393,0.955129,353.1229,347.5834,179.238
12:11:39.3705 PM,-0.02004635,0.8583801,0.9551183,353.2894,347.2888,179.1516
12:11:39.3817 PM,-0.02398443,0.8578155,0.9559503,353.4365,346.8275,179.6864
12:11:39.3927 PM,-0.02750733,0.8562772,0.9551094,353.6311,346.4228,179.8769
12:11:39.4037 PM,-0.03113049,0.8557357,0.9557055,353.8471,346.0338,180.1543
12:11:39.4157 PM,-0.03456622,0.8547536,0.9551342,353.985,345.6938,180.6882
12:11:39.4268 PM,-0.03809217,0.8555281,0.9558594,354.0176,345.3477,181.7702
12:11:39.4374 PM,-0.04087678,0.8569591,0.9561036,353.8391,345.1082,183.3345
12:11:39.4495 PM,-0.04334065,0.8575171,0.9555187,353.7524,344.8102,184.5517
12:11:39.4606 PM,-0.04625884,0.8590282,0.9559677,353.6034,344.6056,185.4322
12:11:39.4716 PM,-0.04908195,0.8598954,0.9548879,353.411,344.4782,185.4991
12:11:39.4836 PM,-0.05201805,0.861485,0.9550385,353.1872,344.369,185.1313
12:11:39.4946 PM,-0.05507505,0.8624747,0.95443,352.9915,344.2044,184.9815
12:11:39.5061 PM,-0.05811191,0.8642892,0.9542214,352.7401,343.9483,184.7431
12:11:39.5176 PM,-0.06124705,0.8656061,0.9532607,352.6071,343.5608,184.9572
12:11:39.5288 PM,-0.06441242,0.8668839,0.9526278,352.5534,343.2869,185.3896
12:11:39.5403 PM,-0.06706226,0.8683593,0.9521886,352.5342,343.0463,185.8592
12:11:39.5518 PM,-0.06975287,0.8697576,0.9519556,352.444,342.838,186.3067
12:11:39.5626 PM,-0.07230023,0.8715261,0.9514036,352.3488,342.4614,186.6365
12:11:39.5747 PM,-0.07481962,0.8734368,0.9508803,352.2519,342.1031,186.7586
12:11:39.5860 PM,-0.07712981,0.8749099,0.948035,351.9999,341.934,186.8665
12:11:39.5978 PM,-0.07915476,0.8768533,0.9472901,351.8027,341.7856,186.7755
12:11:39.6085 PM,-0.08075312,0.8776939,0.9457245,351.6043,341.8299,186.3507
12:11:39.6196 PM,-0.08226889,0.8791646,0.9448769,351.4559,341.8017,185.967
12:11:39.6307 PM,-0.08398932,0.8801957,0.944347,351.3415,341.6718,185.4487
12:11:39.6422 PM,-0.08552304,0.8811762,0.9433864,351.3208,341.4866,185.0772
12:11:39.6597 PM,-0.08700615,0.8826602,0.9432374,351.3022,341.3916,184.9075
12:11:39.6687 PM,-0.08816534,0.8836321,0.9423572,351.2645,341.3113,184.8613
12:11:39.6757 PM,-0.08996317,0.8847396,0.9431683,351.3013,341.2958,184.8148
12:11:39.6847 PM,-0.09110266,0.8855006,0.9422624,351.3461,341.1236,184.8053
12:11:39.6959 PM,-0.09196061,0.8865739,0.9424154,351.4241,341.0907,185.188
12:11:39.7066 PM,-0.09193739,0.8877283,0.9430401,351.4669,341.1729,185.4391
12:11:39.7176 PM,-0.09189641,0.8886276,0.9423957,351.3934,341.2453,185.2461
12:11:39.7287 PM,-0.09160143,0.8894613,0.9425821,351.4348,341.2986,184.9473
12:11:39.7402 PM,-0.09136519,0.8899367,0.9420416,351.4883,341.2997,184.8469
12:11:39.7507 PM,-0.09125918,0.8901587,0.9433427,351.6462,341.4156,184.963
12:11:39.7627 PM,-0.09041449,0.8901365,0.9433283,351.8144,341.6241,185.0004
12:11:39.7737 PM,-0.08943072,0.8902159,0.9428335,351.9478,341.7453,184.6259
12:11:39.7844 PM,-0.08887181,0.8903316,0.9429389,352.0294,341.8959,184.1767
12:11:39.7968 PM,-0.08806032,0.890381,0.942511,352.0988,341.9369,183.8096
12:11:39.8150 PM,-0.08694294,0.8899434,0.9428546,352.3405,342.0232,183.9083
12:11:39.8258 PM,-0.08586329,0.8896416,0.9426067,352.5655,342.0847,184.3394
12:11:39.8342 PM,-0.08494088,0.8897156,0.9430969,352.7932,342.1802,184.8508
12:11:39.8414 PM,-0.08353254,0.8896549,0.9429355,352.9684,342.2532,185.7317
12:11:39.8495 PM,-0.08103999,0.8894236,0.9415652,353.07,342.4711,186.5714
12:11:39.8595 PM,-0.07917991,0.8900613,0.9412866,353.003,342.6209,186.6659
12:11:39.8706 PM,-0.07724404,0.8905914,0.9416271,352.8847,342.8025,186.1742
12:11:39.8816 PM,-0.07568029,0.8915602,0.9421468,352.7739,342.9801,185.6411
12:11:39.8921 PM,-0.07418782,0.891247,0.9408803,352.7228,343.1326,185.363
12:11:39.9050 PM,-0.07256046,0.8916457,0.9417634,352.7721,343.2607,185.3426
12:11:39.9155 PM,-0.07044157,0.8922621,0.9419962,352.7365,343.3857,185.6665
12:11:39.9266 PM,-0.0678311,0.8922225,0.9394214,352.6389,343.5817,185.8344
12:11:39.9371 PM,-0.06566995,0.893354,0.9395881,352.4238,343.7711,185.7262
12:11:39.9486 PM,-0.06281775,0.8909103,0.933542,352.2379,344.0329,185.5671
12:11:39.9594 PM,-0.06101438,0.8913842,0.933491,352.1315,344.1083,185.4175
12:11:39.9706 PM,-0.05937013,0.8908554,0.932673,352.1109,344.2316,185.1346
12:11:39.9816 PM,-0.05782312,0.8908837,0.9325345,352.0746,344.3271,184.9095
12:11:39.9921 PM,-0.05630133,0.8905569,0.9318242,352.0822,344.4694,184.8009
12:11:40.0036 PM,-0.05505717,0.8899471,0.9317397,352.1021,344.5206,184.6984
12:11:40.0148 PM,-0.05414173,0.889319,0.9317013,352.1859,344.5561,184.6645
12:11:40.0267 PM,-0.05340561,0.8889542,0.9334862,352.2401,344.5458,184.5905
12:11:40.0372 PM,-0.05338329,0.8880644,0.9336516,352.2975,344.4914,184.3723
12:11:40.0491 PM,-0.05330181,0.887627,0.9354031,352.3414,344.4321,184.1948
12:11:40.0596 PM,-0.05368957,0.8866208,0.9357438,352.4109,344.2906,184.092
12:11:40.0706 PM,-0.05431363,0.8853072,0.9357914,352.551,344.1489,184.2462
12:11:40.0817 PM,-0.05479419,0.8840498,0.9362164,352.7075,344.0406,184.3344
12:11:40.0920 PM,-0.05528775,0.8819161,0.9356875,352.9494,343.9748,184.706
12:11:40.1035 PM,-0.05658758,0.8808643,0.9376105,353.1306,343.8165,185.1561
12:11:40.1146 PM,-0.05781648,0.8790032,0.9373659,353.24,343.6428,185.0981
12:11:40.1266 PM,-0.05936521,0.8777595,0.9383472,353.3444,343.492,184.8849
12:11:40.1371 PM,-0.06131434,0.8764519,0.9392636,353.4162,343.3041,184.7301
12:11:40.1486 PM,-0.06362066,0.874885,0.9398558,353.5474,343.0961,184.8577
12:11:40.1591 PM,-0.06586251,0.8733906,0.9403356,353.6716,342.8317,185.252
12:11:40.1706 PM,-0.06833768,0.8721348,0.9412555,353.8318,342.5293,185.5941
12:11:40.1816 PM,-0.07081056,0.8707561,0.9419658,353.9387,342.2848,185.8767
12:11:40.1918 PM,-0.0730927,0.8698753,0.9431386,354.04,342.0989,186.338
12:11:40.2035 PM,-0.07555661,0.8689401,0.9431527,354.0774,341.8599,186.7076
12:11:40.2155 PM,-0.07815605,0.868394,0.9442048,354.1852,341.5928,186.8813
12:11:40.2266 PM,-0.08086497,0.867394,0.9448309,354.331,341.3206,187.1493
12:11:40.2371 PM,-0.08348805,0.8674131,0.9458444,354.4128,341.0187,187.4939
12:11:40.2485 PM,-0.08629358,0.8676073,0.9469219,354.44,340.7611,187.7248
12:11:40.2606 PM,-0.08884817,0.8677697,0.9470345,354.3939,340.4939,187.4706
12:11:40.2716 PM,-0.09139624,0.8687286,0.9481421,354.2247,340.3052,187.0708
12:11:40.2826 PM,-0.09404793,0.8693228,0.9500046,354.1297,340.2164,186.9456
12:11:40.2943 PM,-0.09625521,0.870672,0.9512274,353.975,340.0902,186.9564
12:11:40.3060 PM,-0.09858024,0.8715031,0.9526755,353.8621,339.9533,187.1325
12:11:40.3176 PM,-0.100702,0.8727806,0.9537699,353.6728,339.8085,187.1384
12:11:40.3286 PM,-0.1025605,0.8734031,0.9535735,353.4349,339.7487,186.8377
12:11:40.3401 PM,-0.1045954,0.8738782,0.9529755,353.1565,339.6971,186.3584
12:11:40.3516 PM,-0.1069739,0.874833,0.953818,352.965,339.5944,185.8349
12:11:40.3627 PM,-0.1093016,0.8745036,0.9523642,352.8391,339.3722,185.4496
12:11:40.3742 PM,-0.1121724,0.8746157,0.9531833,352.8253,339.145,185.1978
12:11:40.3858 PM,-0.1145275,0.8736845,0.9520541,352.823,338.8821,185.0708
12:11:40.3964 PM,-0.1177363,0.8731779,0.9527733,352.9334,338.5677,185.1097
12:11:40.4081 PM,-0.1208644,0.8720556,0.9514787,352.9767,338.1857,185.1173
12:11:40.4197 PM,-0.1243717,0.8709701,0.951053,353.0765,337.8422,184.9921
12:11:40.4317 PM,-0.1278922,0.8698834,0.9515058,353.2221,337.4615,184.8389
12:11:40.4416 PM,-0.1309024,0.8685053,0.9512817,353.3134,337.132,184.652
12:11:40.4536 PM,-0.1342484,0.8673463,0.9517893,353.4211,336.8846,184.4693
12:11:40.4647 PM,-0.1375605,0.864022,0.9472269,353.4352,336.6456,184.3524
12:11:40.4757 PM,-0.140383,0.8619367,0.9455686,353.5241,336.4293,184.1238
12:11:40.4862 PM,-0.1438228,0.8603376,0.9460087,353.6673,336.2108,183.8147
12:11:40.4977 PM,-0.1472806,0.8586532,0.9463733,353.8412,335.9754,183.6622
12:11:40.5087 PM,-0.1507361,0.8569846,0.9466779,354.0365,335.7223,183.6429
12:11:40.5197 PM,-0.1542719,0.8553144,0.9469317,354.2397,335.4273,183.8017
12:11:40.5312 PM,-0.1576813,0.8536776,0.9471945,354.4429,335.1528,184.0771
12:11:40.5422 PM,-0.1610302,0.8522159,0.9474719,354.5685,334.8909,184.3626
12:11:40.5537 PM,-0.16433,0.8507794,0.9476835,354.6684,334.6566,184.4616
12:11:40.5647 PM,-0.1674041,0.8480648,0.9470079,354.791,334.3978,184.5179
12:11:40.5757 PM,-0.1705845,0.8463473,0.94727,354.9729,334.1623,184.565
12:11:40.5922 PM,-0.1737148,0.8445761,0.9475389,355.206,333.9141,184.4427
12:11:40.6048 PM,-0.1767691,0.8419612,0.9464357,355.4105,333.6078,184.4317
12:11:40.6118 PM,-0.1797008,0.8404037,0.9467012,355.6064,333.3564,184.5371
12:11:40.6193 PM,-0.1824369,0.8388883,0.9473348,355.8149,333.1038,184.7262
12:11:40.6270 PM,-0.1848626,0.8377352,0.9477117,356.0181,332.8884,185.106
12:11:40.6370 PM,-0.187557,0.8355225,0.9459381,356.1588,332.6541,185.4198
12:11:40.6485 PM,-0.1898238,0.8347576,0.9461832,356.2209,332.5017,185.5099
12:11:40.6591 PM,-0.1921316,0.8334156,0.9460988,356.2911,332.3423,185.4234
12:11:40.6706 PM,-0.194207,0.8323135,0.9464734,356.3716,332.253,185.4321
12:11:40.6816 PM,-0.1963536,0.8310536,0.9467909,356.4951,332.122,185.5308
12:11:40.6926 PM,-0.1982238,0.8296824,0.9471562,356.6179,332.0078,185.7198
12:11:40.7036 PM,-0.2002215,0.8287128,0.9503214,356.7956,331.8268,185.8061
12:11:40.7146 PM,-0.2021166,0.8272167,0.950772,356.8909,331.7118,185.6784
12:11:40.7258 PM,-0.2040445,0.8249148,0.9506445,356.9541,331.5801,185.377
12:11:40.7433 PM,-0.2060628,0.8233758,0.9510843,357.0266,331.4754,185.0725
12:11:40.7513 PM,-0.208156,0.8217022,0.9514524,357.1105,331.3205,184.68
12:11:40.7595 PM,-0.2105007,0.819158,0.9504673,357.2603,331.0968,184.5238
12:11:40.7707 PM,-0.2125429,0.8172099,0.9507766,357.4237,330.9027,184.4318
12:11:40.7807 PM,-0.2143326,0.8141821,0.9494498,357.5714,330.7065,184.3513
12:11:40.7922 PM,-0.2161888,0.8121033,0.94973,357.7449,330.535,184.2975
12:11:40.8036 PM,-0.2175277,0.8096104,0.9492079,357.8846,330.3755,184.2825
12:11:40.8146 PM,-0.2189977,0.8066797,0.9478707,358.0032,330.3097,184.3114
12:11:40.8259 PM,-0.2204614,0.8046907,0.9483485,358.0771,330.2758,184.1568
12:11:40.8370 PM,-0.2219736,0.8027984,0.9501497,358.1828,330.1486,183.8152
12:11:40.8485 PM,-0.2235304,0.8006586,0.9505134,358.2668,330.063,183.3902
12:11:40.8595 PM,-0.2251364,0.7978458,0.9504282,358.4338,329.9038,183.2842
12:11:40.8706 PM,-0.2265164,0.7952215,0.9509772,358.6468,329.777,183.4504
12:11:40.8816 PM,-0.2282786,0.792648,0.9512188,358.9236,329.6028,183.4104
12:11:40.8986 PM,-0.2299183,0.7909957,0.9527197,359.1516,329.432,183.414
12:11:40.9072 PM,-0.231763,0.7888601,0.9530549,359.3039,329.2775,183.5361
12:11:40.9137 PM,-0.2336143,0.7860763,0.9519168,359.4317,329.0714,183.6429
12:11:40.9261 PM,-0.235498,0.7840241,0.9522345,359.599,328.8616,183.7096
12:11:40.9371 PM,-0.2372148,0.7815839,0.9519868,359.6837,328.5729,183.8215
12:11:40.9476 PM,-0.2389681,0.780059,0.9523573,359.7556,328.3663,183.9771
12:11:40.9591 PM,-0.2406155,0.7785486,0.952867,359.74,328.1587,184.0531
12:11:40.9696 PM,-0.2422934,0.7768678,0.9529725,359.7115,327.9521,183.9985
12:11:40.9816 PM,-0.2438649,0.7754467,0.9532219,359.7408,327.7755,183.7927
12:11:40.9926 PM,-0.2453957,0.7734261,0.9522129,359.7889,327.5602,183.5592
12:11:41.0036 PM,-0.2468916,0.7721207,0.9523658,359.7829,327.4837,183.1023
12:11:41.0150 PM,-0.248346,0.7707885,0.9526057,359.7736,327.4059,182.6596
12:11:41.0256 PM,-0.2499544,0.769522,0.952963,359.747,327.3239,182.3272
12:11:41.0371 PM,-0.2517124,0.7678379,0.9532827,359.7834,327.2157,182.1103
12:11:41.0476 PM,-0.2534224,0.7662508,0.9537326,359.8347,327.1306,181.9655
12:11:41.0590 PM,-0.2548739,0.7641384,0.9539608,359.8976,326.9791,181.8833
12:11:41.0705 PM,-0.2568097,0.7620631,0.9538932,0.0006060192,326.8185,181.6473
12:11:41.0810 PM,-0.2587634,0.7600163,0.9542483,0.1590469,326.702,181.4711
12:11:41.0925 PM,-0.2604292,0.7574443,0.9539251,0.3180123,326.5291,181.2967
12:11:41.1035 PM,-0.2624917,0.7550174,0.954108,0.5843745,326.3206,181.2082
12:11:41.1146 PM,-0.2644975,0.7521555,0.9538128,0.878133,326.1251,181.3058
12:11:41.1258 PM,-0.266456,0.7496445,0.9540713,1.165109,325.9557,181.4019
12:11:41.1365 PM,-0.2684823,0.7467908,0.9543085,1.51857,325.8091,181.5586
12:11:41.1480 PM,-0.2704548,0.7440448,0.9545593,1.882783,325.6558,181.7714
12:11:41.1595 PM,-0.2721829,0.7410783,0.9538252,2.173645,325.4391,181.933
12:11:41.1700 PM,-0.2740896,0.7381295,0.9533713,2.5138,325.2296,181.9956
12:11:41.1816 PM,-0.2760511,0.7353954,0.9533783,2.871093,325.0575,181.9862
12:11:41.1926 PM,-0.2781097,0.7326608,0.9536543,3.138001,324.8899,182.0314
12:11:41.2098 PM,-0.2799973,0.7301711,0.9537755,3.380177,324.7594,182.1159
12:11:41.2186 PM,-0.2818248,0.7272335,0.9537448,3.592279,324.6031,182.2537
12:11:41.2260 PM,-0.2837279,0.7246987,0.9538839,3.821398,324.4656,182.2978
12:11:41.2370 PM,-0.2857005,0.7218746,0.9540439,4.002216,324.3154,182.1661
12:11:41.2475 PM,-0.2875933,0.719342,0.954374,4.183828,324.1348,181.8486
12:11:41.2585 PM,-0.2895248,0.716715,0.9539554,4.369752,323.939,181.51
12:11:41.2704 PM,-0.2915062,0.714016,0.9537981,4.513833,323.7653,181.289
12:11:41.2815 PM,-0.2934389,0.7115707,0.9538097,4.686914,323.5854,181.0656
12:11:41.2925 PM,-0.2954257,0.7090598,0.9537853,4.83002,323.4212,180.8948
12:11:41.3036 PM,-0.2972909,0.7067996,0.9538803,4.962584,323.3052,180.6998
12:11:41.3147 PM,-0.2992027,0.7045264,0.954353,5.043226,323.1471,180.5094
12:11:41.3257 PM,-0.3011546,0.702194,0.9543362,5.168329,322.9689,180.3771
12:11:41.3367 PM,-0.3030041,0.699686,0.9541312,5.319384,322.766,180.4062
12:11:41.3478 PM,-0.3047974,0.6970715,0.9539758,5.516603,322.5971,180.4297
12:11:41.3589 PM,-0.3063513,0.6942148,0.9541926,5.796504,322.418,180.5302
12:11:41.3695 PM,-0.3078673,0.6911832,0.9537475,6.01476,322.235,180.5171
12:11:41.3812 PM,-0.3093788,0.688263,0.9535142,6.248364,322.0697,180.4174
12:11:41.3927 PM,-0.3106321,0.6852216,0.9532162,6.467947,321.8884,180.1755
12:11:41.4035 PM,-0.311915,0.6821603,0.9529462,6.712001,321.7758,180.0289
12:11:41.4146 PM,-0.3131758,0.6785267,0.9521019,7.009283,321.6472,180.0724
12:11:41.4257 PM,-0.3142549,0.6746523,0.951319,7.292133,321.5131,180.2175
12:11:41.4370 PM,-0.3153679,0.6712846,0.9509764,7.600686,321.4175,180.2968
12:11:41.4475 PM,-0.3163577,0.6676767,0.9504361,7.906427,321.278,180.3483
12:11:41.4585 PM,-0.317379,0.6639636,0.9495605,8.211898,321.0428,180.2204
12:11:41.4695 PM,-0.3184161,0.6602774,0.9488398,8.473567,320.8443,180.1233
12:11:41.4806 PM,-0.3194275,0.6567782,0.9481841,8.716641,320.6753,179.9819
12:11:41.4927 PM,-0.3204134,0.6529945,0.9475199,8.963713,320.4881,180.0027
12:11:41.5037 PM,-0.3211183,0.6494622,0.9468709,9.24149,320.3448,180.0709
12:11:41.5203 PM,-0.3217293,0.6457934,0.9462935,9.465994,320.2019,180.1194
12:11:41.5290 PM,-0.322308,0.6418815,0.9454238,9.698777,320.0815,180.0687
12:11:41.5367 PM,-0.322807,0.6385819,0.9448997,9.867837,319.9897,179.8677
12:11:41.5472 PM,-0.323248,0.6349384,0.9442142,10.01117,319.9093,179.6427
12:11:41.5587 PM,-0.3234347,0.6316473,0.9436607,10.20026,319.8852,179.4626
12:11:41.5694 PM,-0.3233933,0.627871,0.9428936,10.41576,319.8735,179.2872
12:11:41.5807 PM,-0.3234661,0.6244743,0.9423375,10.64976,319.871,179.0547
12:11:41.5921 PM,-0.3233999,0.6210158,0.9417261,10.89124,319.9087,178.8681
12:11:41.6035 PM,-0.3231431,0.6180585,0.9421781,11.17603,319.921,178.8032
12:11:41.6145 PM,-0.323026,0.6145135,0.9415615,11.46237,319.9204,178.8962
12:11:41.6250 PM,-0.3229956,0.6109406,0.940506,11.73221,319.8986,178.9507
12:11:41.6365 PM,-0.3226853,0.607694,0.9400052,11.96165,319.9073,178.9913
12:11:41.6475 PM,-0.3223997,0.6042657,0.9394375,12.14775,319.9616,178.8893
12:11:41.6587 PM,-0.3216705,0.6011788,0.9390736,12.29418,320.0813,178.5859
12:11:41.6697 PM,-0.3207373,0.5969638,0.9373066,12.42826,320.1514,178.3094
12:11:41.6806 PM,-0.3201966,0.593807,0.9367152,12.60772,320.2081,178.049
12:11:41.6927 PM,-0.3196855,0.5900543,0.9352813,12.78799,320.2256,177.8932
12:11:41.7026 PM,-0.3193045,0.5860325,0.9332913,13.03283,320.1899,177.841
12:11:41.7147 PM,-0.3189582,0.5828781,0.9324162,13.30549,320.1257,177.939
12:11:41.7257 PM,-0.3184734,0.5788599,0.9304919,13.57517,320.077,178.1991
12:11:41.7367 PM,-0.3180231,0.5756829,0.929692,13.84536,320.0571,178.3505
12:11:41.7472 PM,-0.3174687,0.5718849,0.9282943,14.10233,320.071,178.3474
12:11:41.7587 PM,-0.3170893,0.5688712,0.9274417,14.32149,320.08,178.097
12:11:41.7699 PM,-0.3165684,0.5654519,0.9264481,14.55402,320.0783,177.787
12:11:41.7806 PM,-0.316291,0.5624585,0.9255614,14.79812,320.0378,177.6272
12:11:41.7921 PM,-0.3160898,0.5588044,0.9240086,15.08302,319.9614,177.7383
12:11:41.8036 PM,-0.3155561,0.5552989,0.9227664,15.35006,319.9285,178.0807
12:11:41.8144 PM,-0.3150227,0.5523103,0.9223011,15.65745,319.9605,178.4494
12:11:41.8316 PM,-0.3147151,0.5491492,0.9215397,15.92799,320.022,178.6979
12:11:41.8406 PM,-0.3142241,0.5462825,0.9213361,16.174,320.1722,178.8514
12:11:41.8477 PM,-0.3138866,0.5427406,0.9203249,16.35204,320.258,178.7778
12:11:41.8588 PM,-0.3139612,0.5399973,0.9199722,16.5323,320.2499,178.4711
12:11:41.8698 PM,-0.3143918,0.5372581,0.9193838,16.69103,320.161,178.2023
12:11:41.8806 PM,-0.3142697,0.5337434,0.9183168,16.85293,320.0637,178.1611
12:11:41.8920 PM,-0.3144585,0.5311457,0.91808,17.00629,319.9458,178.2545
12:11:41.9035 PM,-0.3145051,0.5280281,0.9173323,17.13941,319.8686,178.3887
12:11:41.9140 PM,-0.31461,0.5255459,0.9172132,17.23126,319.8189,178.3578
12:11:41.9256 PM,-0.3148662,0.5232624,0.9171467,17.25737,319.7526,178.0388
12:11:41.9357 PM,-0.3150873,0.5210255,0.9170259,17.26384,319.6974,177.5335
12:11:41.9478 PM,-0.3151857,0.5171804,0.9152513,17.30954,319.6342,177.159
12:11:41.9583 PM,-0.3155873,0.5141186,0.9142294,17.41593,319.5553,176.7544
12:11:41.9701 PM,-0.3158433,0.5115684,0.9138962,17.5703,319.4761,176.5195
12:11:41.9806 PM,-0.3160991,0.5089769,0.9134326,17.75725,319.3937,176.4506
12:11:41.9921 PM,-0.3163251,0.5062798,0.9130599,18.01123,319.2805,176.5641
12:11:42.0026 PM,-0.3165808,0.5037581,0.9132755,18.26784,319.1807,176.6073
12:11:42.0136 PM,-0.3167941,0.5010694,0.9129552,18.5629,319.1143,176.8396
12:11:42.0257 PM,-0.3169535,0.4983309,0.9128,18.81456,319.0888,176.8765
12:11:42.0367 PM,-0.3171398,0.4957289,0.9125633,19.05225,319.0644,176.9246
12:11:42.0477 PM,-0.3170843,0.4929097,0.9125932,19.27138,319.0191,176.9462
12:11:42.0591 PM,-0.3172464,0.4903219,0.9123909,19.49139,318.9898,176.9779
12:11:42.0696 PM,-0.3174374,0.4872248,0.9115716,19.70095,318.934,176.9655
12:11:42.0807 PM,-0.317526,0.4838472,0.9105322,19.85705,318.8741,176.8807
12:11:42.0917 PM,-0.3177339,0.4815207,0.9104226,19.95467,318.7888,176.8166
12:11:42.1027 PM,-0.3176196,0.4793329,0.9109635,20.0261,318.759,176.8638
12:11:42.1144 PM,-0.317425,0.4770078,0.9110126,20.12715,318.7252,176.9003
12:11:42.1265 PM,-0.3172096,0.4747773,0.9114165,20.26155,318.7292,176.8315
12:11:42.1426 PM,-0.3166611,0.472436,0.9115558,20.36215,318.7403,176.5827
12:11:42.1511 PM,-0.3159592,0.4702238,0.9120873,20.49895,318.7835,176.2425
12:11:42.1586 PM,-0.3153002,0.4677608,0.9123116,20.65735,318.9028,175.9301
12:11:42.1691 PM,-0.3145284,0.4652861,0.9123484,20.83269,318.9864,175.6898
12:11:42.1807 PM,-0.3137328,0.4626967,0.9127758,21.06946,319.0498,175.5219
12:11:42.1921 PM,-0.3129208,0.4599181,0.9125866,21.35618,319.0768,175.529
12:11:42.2027 PM,-0.3118755,0.4569035,0.9123782,21.70219,319.0875,175.6999
12:11:42.2135 PM,-0.3110092,0.4539573,0.9120715,22.04356,319.0895,175.9338
12:11:42.2256 PM,-0.3099359,0.4510918,0.9122047,22.32308,319.1076,176.0228
12:11:42.2366 PM,-0.309041,0.4474117,0.9107866,22.60972,319.1287,176.1635
12:11:42.2476 PM,-0.3080586,0.4445133,0.910509,22.85436,319.1778,176.2893
12:11:42.2586 PM,-0.3067481,0.4419121,0.9110098,23.12148,319.2735,176.3605
12:11:42.2696 PM,-0.3055633,0.4389169,0.9107794,23.38924,319.3376,176.5072
12:11:42.2806 PM,-0.3042143,0.4358877,0.9107766,23.68196,319.4034,176.7501
12:11:42.2981 PM,-0.3028873,0.4328573,0.910633,23.97322,319.4865,176.9509
12:11:42.3066 PM,-0.3015389,0.4282367,0.9085925,24.23383,319.5256,177.0421
12:11:42.3136 PM,-0.3003602,0.4252174,0.9084009,24.496,319.5736,177.1294
12:11:42.3257 PM,-0.2992246,0.4223872,0.9083943,24.75349,319.6173,177.1072
12:11:42.3367 PM,-0.2978174,0.4197308,0.9088361,25.01437,319.6783,177.0377
12:11:42.3477 PM,-0.2964385,0.4168221,0.9087394,25.24778,319.7534,176.9786
12:11:42.3588 PM,-0.2948754,0.4128147,0.9071478,25.47075,319.8348,176.8818
12:11:42.3693 PM,-0.293407,0.4102298,0.9070628,25.65847,319.9149,176.6353
12:11:42.3807 PM,-0.2921097,0.4076508,0.9070075,25.83291,320.004,176.3864
12:11:42.3915 PM,-0.2907925,0.4053404,0.9069847,25.9745,320.1216,176.1308
12:11:42.4025 PM,-0.2895848,0.4030955,0.9071398,26.18778,320.1862,176.0701
12:11:42.4136 PM,-0.2883894,0.4007512,0.9070247,26.4076,320.2252,176.0631
12:11:42.4248 PM,-0.2870916,0.3990916,0.9081042,26.66058,320.1747,176.3712
12:11:42.4358 PM,-0.2857219,0.396957,0.9085562,26.8938,320.1728,176.5563
12:11:42.4474 PM,-0.2844375,0.3949697,0.9086711,27.10188,320.205,176.7709
12:11:42.4578 PM,-0.2829141,0.3932325,0.909476,27.27198,320.2628,176.7822
12:11:42.4697 PM,-0.2815099,0.3914084,0.9097493,27.40895,320.3354,176.6676
12:11:42.4807 PM,-0.2800933,0.3893209,0.9099616,27.55734,320.4153,176.5578
12:11:42.4917 PM,-0.2785651,0.3874227,0.9101892,27.72556,320.515,176.4702
12:11:42.5022 PM,-0.2767807,0.385311,0.9105499,27.95954,320.5868,176.4826
12:11:42.5137 PM,-0.27512,0.3833592,0.9108037,28.17706,320.6758,176.5845
12:11:42.5247 PM,-0.2734764,0.3811481,0.9107012,28.41024,320.7613,176.776
12:11:42.5357 PM,-0.2717479,0.3788837,0.9104567,28.59094,320.8765,176.832
12:11:42.5467 PM,-0.2700604,0.377059,0.9106952,28.76134,321.0083,176.8361
12:11:42.5579 PM,-0.268083,0.3737489,0.9094145,28.94272,321.0872,176.8925
12:11:42.5694 PM,-0.2663128,0.3717811,0.9094677,29.1473,321.1806,176.999
12:11:42.5806 PM,-0.2646298,0.3699872,0.9095101,29.36643,321.2583,177.1976
12:11:42.5916 PM,-0.2627662,0.3680511,0.909505,29.57255,321.3327,177.392
12:11:42.6086 PM,-0.2609786,0.3660345,0.909233,29.77114,321.425,177.5658
12:11:42.6176 PM,-0.2591729,0.363902,0.9088914,29.97183,321.4855,177.5793
12:11:42.6247 PM,-0.2573197,0.3619844,0.908784,30.15193,321.576,177.5542
12:11:42.6356 PM,-0.2551994,0.3585267,0.9067768,30.35612,321.6463,177.4852
12:11:42.6477 PM,-0.2531999,0.356558,0.9065274,30.59072,321.7295,177.4791
12:11:42.6582 PM,-0.2511628,0.353785,0.9053726,30.81765,321.8474,177.5228
12:11:42.6697 PM,-0.2490851,0.3520383,0.9052342,31.00825,322.0197,177.4928
12:11:42.6807 PM,-0.2470427,0.3504131,0.9050839,31.1598,322.2128,177.4679
12:11:42.6917 PM,-0.2449648,0.3482258,0.9042654,31.27983,322.4238,177.4862
12:11:42.7022 PM,-0.242921,0.3468546,0.9043467,31.35936,322.606,177.4862
12:11:42.7137 PM,-0.2407544,0.3445686,0.9033753,31.45625,322.7819,177.4634
12:11:42.7250 PM,-0.2387119,0.3431829,0.9033941,31.53985,322.9297,177.4295
12:11:42.7355 PM,-0.2365107,0.3412702,0.9029145,31.66381,323.0873,177.4549
12:11:42.7471 PM,-0.2343178,0.339924,0.9028704,31.79011,323.2294,177.5138
12:11:42.7586 PM,-0.2320494,0.3385255,0.9028453,31.91792,323.3885,177.5056
12:11:42.7696 PM,-0.2298723,0.337193,0.9028379,32.01755,323.5363,177.466
12:11:42.7806 PM,-0.2276766,0.3358446,0.9027473,32.14073,323.6774,177.4412
12:11:42.7911 PM,-0.2253406,0.3342259,0.9022665,32.31561,323.7861,177.5497
12:11:42.8026 PM,-0.2227679,0.3329002,0.9021534,32.5234,323.8938,177.7876
12:11:42.8135 PM,-0.2200235,0.3307129,0.9010344,32.74327,323.9767,178.1761
12:11:42.8246 PM,-0.217355,0.3293887,0.9008729,32.95996,324.1505,178.4142
12:11:42.8356 PM,-0.2145339,0.3274511,0.9001348,33.17281,324.3633,178.5047
12:11:42.8472 PM,-0.2116863,0.3261794,0.8999951,33.35109,324.6158,178.555
12:11:42.8577 PM,-0.2087964,0.3241513,0.8990902,33.55529,324.8375,178.6543
12:11:42.8696 PM,-0.2059254,0.3228672,0.8988562,33.7392,325.0374,178.7815
12:11:42.8801 PM,-0.2028257,0.3216487,0.8985708,33.93457,325.2549,179.0953
12:11:42.8915 PM,-0.1997167,0.3204561,0.8983376,34.13737,325.453,179.3957
12:11:42.9027 PM,-0.1961775,0.3188275,0.8975029,34.30765,325.6804,179.6719
12:11:42.9197 PM,-0.1930383,0.3173096,0.8968192,34.46577,325.9066,179.8001
12:11:42.9297 PM,-0.1896756,0.3165896,0.896999,34.51949,326.1833,179.8874
12:11:42.9367 PM,-0.1864706,0.3152094,0.8964458,34.62717,326.4659,180.0668
12:11:42.9467 PM,-0.1829837,0.3145231,0.8966967,34.6857,326.7833,180.2318
12:11:42.9582 PM,-0.1795287,0.3137684,0.8967366,34.73985,327.0323,180.418
12:11:42.9697 PM,-0.1758175,0.3128997,0.8968158,34.794,327.2566,180.5891
12:11:42.9807 PM,-0.1722682,0.3124,0.8970983,34.81077,327.455,180.659
12:11:42.9917 PM,-0.1686776,0.3115253,0.8972732,34.84117,327.6879,180.4856
12:11:43.0027 PM,-0.1651302,0.3109882,0.8975921,34.87556,327.9168,180.2308
12:11:43.0137 PM,-0.1616685,0.3102983,0.8975171,34.91665,328.129,180.1054
12:11:43.0252 PM,-0.1582309,0.309848,0.8978554,34.96362,328.3434,180.0075
12:11:43.0357 PM,-0.1547891,0.3094448,0.8982598,35.01481,328.5709,179.9945
12:11:43.0467 PM,-0.1514398,0.3090459,0.8985502,35.06036,328.7688,179.9381
12:11:43.0587 PM,-0.1480341,0.3087654,0.8990049,35.08851,329.0532,179.9801
12:11:43.0688 PM,-0.1444036,0.3077384,0.8989128,35.12814,329.3278,180.0597
12:11:43.0802 PM,-0.1410801,0.307387,0.8992649,35.19938,329.5757,180.1452
12:11:43.0911 PM,-0.137889,0.3068988,0.8995112,35.26855,329.7881,180.2516
12:11:43.1026 PM,-0.1348889,0.306499,0.8997147,35.34776,329.98,180.402
12:11:43.1137 PM,-0.1316787,0.3052585,0.8989042,35.46234,330.1562,180.6178
12:11:43.1251 PM,-0.1286308,0.3048691,0.899133,35.56521,330.3589,180.8336
12:11:43.1356 PM,-0.1255645,0.3039422,0.8987424,35.64954,330.6155,180.9679
12:11:43.1471 PM,-0.1228197,0.3036156,0.8988787,35.65616,330.8714,181.0462
12:11:43.1576 PM,-0.1201778,0.3033599,0.8991135,35.67498,331.0926,181.1804
12:11:43.1696 PM,-0.1172537,0.302511,0.8988068,35.74965,331.2639,181.3399
12:11:43.1806 PM,-0.114834,0.3021134,0.898667,35.85806,331.3355,181.5844
12:11:43.1910 PM,-0.1121305,0.3009981,0.8977183,35.94417,331.412,181.7047
12:11:43.2025 PM,-0.1096205,0.3006337,0.897668,36.00239,331.5276,181.8157
12:11:43.2135 PM,-0.107106,0.299858,0.8970485,36.03893,331.6628,181.8877
12:11:43.2246 PM,-0.1046206,0.2995721,0.8968822,36.08052,331.8425,181.8853
12:11:43.2356 PM,-0.1021585,0.2990451,0.8962846,36.13062,331.9879,181.8493
12:11:43.2467 PM,-0.09953168,0.297948,0.8952122,36.18223,332.2085,181.854
12:11:43.2581 PM,-0.09718841,0.2974542,0.894776,36.26147,332.396,181.7972
12:11:43.2687 PM,-0.095083,0.2968143,0.8941145,36.36172,332.5555,181.7215
12:11:43.2807 PM,-0.09293464,0.2962974,0.8936257,36.47163,332.7023,181.6756
12:11:43.2907 PM,-0.0911825,0.2961229,0.8933622,36.59833,332.7957,181.7288
12:11:43.3018 PM,-0.08958578,0.2958744,0.8928504,36.69979,332.8647,181.7258
12:11:43.3137 PM,-0.08809149,0.2949563,0.8917356,36.72704,332.9896,181.608
12:11:43.3248 PM,-0.08688095,0.294876,0.8914558,36.76041,333.159,181.5062
12:11:43.3358 PM,-0.08650652,0.2941211,0.8902725,36.79242,333.1755,181.3384
12:11:43.3477 PM,-0.08593369,0.293345,0.8890958,36.86507,333.0764,181.2854
12:11:43.3587 PM,-0.08635324,0.293487,0.8889112,36.92459,332.8187,181.3943
12:11:43.3700 PM,-0.08704638,0.2940465,0.8890218,36.92218,332.6086,181.4821
12:11:43.3816 PM,-0.08764982,0.2945629,0.8891406,36.90034,332.4365,181.5396
12:11:43.3921 PM,-0.08847231,0.2949514,0.8890038,36.783,332.268,181.6958
12:11:43.4036 PM,-0.08965978,0.2955842,0.8890545,36.6182,332.019,181.6796
12:11:43.4156 PM,-0.09138405,0.2968714,0.8899198,36.3849,331.7608,181.3186
12:11:43.4266 PM,-0.09323516,0.2977484,0.8904264,36.13223,331.532,180.8257
12:11:43.4381 PM,-0.09531236,0.2991002,0.8916341,35.86447,331.3457,180.5089
12:11:43.4496 PM,-0.09723788,0.2998254,0.8922503,35.685,331.1961,180.3637
12:11:43.4606 PM,-0.09985438,0.3009851,0.893618,35.51901,331.0909,180.1903
12:11:43.4727 PM,-0.1028906,0.3018099,0.8945998,35.36996,330.9241,179.8152
12:11:43.4837 PM,-0.1063248,0.3024175,0.8952143,35.13412,330.6013,179.2129
12:11:43.4955 PM,-0.110255,0.3034861,0.8964225,34.90068,330.1732,178.5554
12:11:43.5066 PM,-0.113951,0.3039918,0.8968759,34.68966,329.7275,178.1621
12:11:43.5181 PM,-0.1178112,0.3050292,0.8980181,34.51107,329.279,177.8549
12:11:43.5296 PM,-0.1215273,0.3061659,0.8990829,34.32624,328.8983,177.5138
12:11:43.5411 PM,-0.1254351,0.3073144,0.9001586,34.12285,328.5604,177.1523
12:11:43.5516 PM,-0.1295885,0.3078521,0.900332,33.89521,328.3785,176.6695
12:11:43.5619 PM,-0.1335809,0.3088251,0.9012345,33.69597,328.1023,176.228
12:11:43.5736 PM,-0.1378118,0.3095701,0.9019306,33.54939,327.7251,175.9593
12:11:43.5847 PM,-0.1420381,0.3094789,0.9018089,33.43838,327.32,175.8283
12:11:43.5965 PM,-0.1462321,0.3098218,0.9021841,33.37641,326.811,175.8661
12:11:43.6075 PM,-0.1501239,0.3095094,0.901912,33.31666,326.2566,175.888
12:11:43.6180 PM,-0.1540712,0.3097066,0.9021714,33.23683,325.713,175.8394
12:11:43.6295 PM,-0.158042,0.3098526,0.9024284,33.12587,325.2879,175.6743
12:11:43.6404 PM,-0.1614025,0.309824,0.9026886,33.02979,324.9291,175.4533
12:11:43.6514 PM,-0.1643146,0.3092096,0.9023018,32.94229,324.6633,175.3457
12:11:43.6619 PM,-0.1668149,0.3083032,0.9017191,32.89184,324.3693,175.2815
12:11:43.6736 PM,-0.1687128,0.3077487,0.901773,32.86982,324.1712,175.2221
12:11:43.6849 PM,-0.170561,0.3069822,0.9016147,32.85553,324.0037,175.1735
12:11:43.6966 PM,-0.1714179,0.3060416,0.9016519,32.92194,323.9785,175.1058
12:11:43.7071 PM,-0.1717496,0.3041756,0.9007869,33.11082,324.0176,175.0168
12:11:43.7186 PM,-0.1727055,0.3032037,0.9007642,33.20808,323.9379,174.9359
12:11:43.7296 PM,-0.1728059,0.3015453,0.9003851,33.37222,323.924,174.9025
12:11:43.7411 PM,-0.1724321,0.3000249,0.9001327,33.56615,323.9383,174.8739
12:11:43.7517 PM,-0.1715241,0.2987311,0.9002879,33.79995,324.0373,174.9924
12:11:43.7627 PM,-0.1706158,0.2971846,0.900296,33.98257,324.1613,175.1324
12:11:43.7743 PM,-0.1695511,0.2961656,0.9007165,34.0757,324.3682,175.1698
12:11:43.7846 PM,-0.1684842,0.2952356,0.9013686,34.19461,324.5891,175.2806
12:11:43.7966 PM,-0.1671006,0.2941864,0.9019324,34.33079,324.864,175.6749
12:11:43.8071 PM,-0.1656841,0.292659,0.9019499,34.45222,325.1143,175.9424
12:11:43.8186 PM,-0.1642964,0.2915483,0.9025571,34.56179,325.3527,176.2248
12:11:43.8296 PM,-0.1631374,0.2904829,0.9030766,34.67223,325.534,176.4697
12:11:43.8406 PM,-0.1617913,0.2888619,0.9030066,34.74945,325.7228,176.6758
12:11:43.8578 PM,-0.1607377,0.2879716,0.9035207,34.79762,325.8924,176.7557
12:11:43.8669 PM,-0.1595522,0.2871289,0.9041607,34.86747,326.05,176.8372
12:11:43.8744 PM,-0.1586609,0.2863744,0.9045728,34.88441,326.2017,176.7063
12:11:43.8817 PM,-0.1575381,0.2846854,0.9040769,34.91226,326.3259,176.406
12:11:43.8937 PM,-0.1566549,0.2838092,0.9042828,34.95428,326.4421,176.1879
12:11:43.9037 PM,-0.155619,0.2827234,0.9041967,35.05621,326.545,175.9904
12:11:43.9157 PM,-0.1546173,0.2817112,0.9040277,35.2427,326.6051,175.9577
12:11:43.9268 PM,-0.1532558,0.2797424,0.9028208,35.43245,326.6004,176.1184
12:11:43.9378 PM,-0.1521676,0.2788395,0.9026558,35.60199,326.5839,176.2153
12:11:43.9492 PM,-0.1506661,0.2777199,0.902215,35.73534,326.5664,176.2757
12:11:43.9607 PM,-0.1495606,0.2767203,0.9019294,35.85515,326.6205,176.2368
12:11:43.9718 PM,-0.1480323,0.2759951,0.9018235,35.96645,326.6607,176.2253
12:11:43.9827 PM,-0.1462525,0.2748903,0.9011947,36.0881,326.6977,176.3344
12:11:43.9936 PM,-0.1444288,0.2741107,0.901086,36.2241,326.7649,176.5939
12:11:44.0036 PM,-0.1419977,0.2725009,0.9005573,36.41297,326.8636,177.0775
12:11:44.0154 PM,-0.139561,0.2715648,0.9006189,36.60058,327.0319,177.5537
12:11:44.0269 PM,-0.1367974,0.2708788,0.9009743,36.74297,327.2901,177.9403
12:11:44.0379 PM,-0.1339355,0.2703679,0.9013522,36.8148,327.6443,178.3343
12:11:44.0494 PM,-0.1310404,0.2697303,0.9017727,36.90849,327.9372,178.6179
12:11:44.0605 PM,-0.1276513,0.268492,0.9016235,37.07166,328.2939,178.8788
12:11:44.0715 PM,-0.1241753,0.2676812,0.9018732,37.29846,328.6824,179.1871
12:11:44.0825 PM,-0.1209111,0.2663488,0.9012181,37.48302,329.0732,179.5646
12:11:44.0935 PM,-0.1174506,0.2655556,0.9012543,37.73063,329.504,179.9324
12:11:44.1046 PM,-0.1140206,0.2641691,0.9003148,37.93967,329.8489,180.3346
12:11:44.1156 PM,-0.1107667,0.2632768,0.9000669,38.11506,330.1703,180.7721
12:11:44.1265 PM,-0.1075595,0.2626936,0.9001129,38.2826,330.5105,181.2184
12:11:44.1380 PM,-0.104306,0.2618251,0.8999791,38.41227,330.824,181.5809
12:11:44.1496 PM,-0.1013781,0.2615217,0.9002085,38.45526,331.1213,181.8745
12:11:44.1666 PM,-0.09838304,0.2608289,0.899927,38.52538,331.4072,182.0956
12:11:44.1756 PM,-0.09577379,0.2607353,0.900209,38.50389,331.6122,182.176
12:11:44.1826 PM,-0.09316659,0.2607009,0.9006828,38.4827,331.8198,182.2425
12:11:44.1916 PM,-0.09080824,0.2607538,0.9012727,38.41795,332.0351,182.2457
12:11:44.2021 PM,-0.08865604,0.2603642,0.9013758,38.22257,332.2526,181.9549
12:11:44.2136 PM,-0.08659452,0.2606992,0.9022599,38.03679,332.4963,181.8143
12:11:44.2249 PM,-0.08492488,0.2608656,0.9028358,37.78008,332.6902,181.816
12:11:44.2354 PM,-0.08301735,0.2607996,0.9031224,37.61069,332.8659,181.8378
12:11:44.2475 PM,-0.08144718,0.2612098,0.9038961,37.45866,333.0911,182.0336
12:11:44.2585 PM,-0.07997876,0.2616246,0.9045149,37.34705,333.3629,182.1301
12:11:44.2695 PM,-0.07859501,0.2619333,0.9050176,37.24964,333.5991,182.0516
12:11:44.2805 PM,-0.07746443,0.2618601,0.9051019,37.26192,333.7819,181.8849
12:11:44.2915 PM,-0.07661343,0.2621747,0.9053795,37.25613,333.8813,181.9224
12:11:44.3035 PM,-0.07545951,0.2619681,0.9052563,37.26107,333.9318,182.3887
12:11:44.3207 PM,-0.07418329,0.2618484,0.9052858,37.33668,334.0354,182.9597
12:11:44.3297 PM,-0.0729844,0.2617512,0.9052495,37.39353,334.1242,183.1921
12:11:44.3377 PM,-0.07173207,0.2614291,0.9050032,37.50922,334.2386,183.2867
12:11:44.3460 PM,-0.07036778,0.2609807,0.9047573,37.68812,334.2685,183.3064
12:11:44.3575 PM,-0.06920707,0.2604105,0.9041398,37.83075,334.3279,183.4903
12:11:44.3686 PM,-0.06757963,0.2599138,0.9040228,37.98453,334.4113,183.8212
12:11:44.3796 PM,-0.06578261,0.2593482,0.9037843,38.08589,334.561,184.146
12:11:44.3907 PM,-0.06384912,0.2590299,0.9037013,38.18878,334.6994,184.2898
12:11:44.4017 PM,-0.0618391,0.2580174,0.9027275,38.26741,334.8557,184.2867
12:11:44.4137 PM,-0.06009263,0.2575301,0.9022318,38.3817,335.0256,184.3465
12:11:44.4247 PM,-0.05790171,0.2569913,0.9019357,38.55905,335.2605,184.3753
12:11:44.4357 PM,-0.05603048,0.2562027,0.9013416,38.70436,335.4147,184.6073
12:11:44.4468 PM,-0.05392736,0.2556739,0.9010915,38.87807,335.5833,185.117
12:11:44.5558 PM,-0.05176827,0.2552313,0.900966,39.01816,335.7746,185.7072
12:11:44.5748 PM,-0.04943594,0.2549052,0.9009538,39.14584,336.0102,186.315
12:11:44.5818 PM,-0.02994144,0.2541343,0.9015596,38.83321,337.9804,187.2716
12:11:44.5898 PM,-0.02715158,0.2545425,0.9018846,38.65614,338.3553,187.4061
12:11:44.5984 PM,-0.02464348,0.254721,0.9020181,38.54791,338.6869,187.4967
12:11:44.6055 PM,-0.02220294,0.2553128,0.9025217,38.45862,338.9907,187.3988
12:11:44.6135 PM,-0.02007598,0.2554094,0.902235,38.52914,339.1522,187.161
12:11:44.6295 PM,-0.01802438,0.2557027,0.9019969,38.75042,339.1945,187.0755
12:11:44.6379 PM,-0.01626006,0.2552657,0.9011387,39.013,339.1194,186.9201
12:11:44.6466 PM,-0.01433906,0.255444,0.9010811,39.30158,339.0996,187.4224
12:11:44.6577 PM,-0.01213229,0.2555832,0.9006425,39.51136,339.1364,188.0096
12:11:44.6689 PM,-0.009919435,0.2562413,0.9007323,39.75482,339.1087,189.0542
12:11:44.6798 PM,-0.007454425,0.2572212,0.9012192,39.88345,339.2339,190.2739
12:11:44.6908 PM,-0.004826605,0.2581526,0.9015685,39.97301,339.3723,191.1983
12:11:44.7013 PM,-0.001715064,0.2592274,0.9022292,39.83582,339.7099,191.7477
12:11:44.7128 PM,0.001186073,0.2601165,0.9026361,39.77035,340.0241,192.2631
12:11:44.7238 PM,0.004367709,0.2612504,0.9030007,39.54356,340.3598,191.9285
12:11:44.7354 PM,0.007458657,0.2616609,0.9029473,39.46344,340.6782,191.9842
12:11:44.7465 PM,0.01047,0.2622706,0.9035007,39.33823,341.1185,192.2235
12:11:44.7576 PM,0.0129531,0.2621708,0.9030328,39.27708,341.4009,192.3216
12:11:44.7698 PM,0.01546231,0.2624735,0.9031372,39.31168,341.5496,192.3696
12:11:44.7795 PM,0.01747802,0.2627107,0.9030402,39.39146,341.6357,192.7217
12:11:44.7911 PM,0.01950189,0.2623851,0.9026612,39.44975,341.6619,192.8359
12:11:44.8016 PM,0.02172479,0.2622616,0.9025124,39.50833,341.7541,193.3436
12:11:44.8134 PM,0.02422059,0.2621427,0.9018806,39.55576,341.8785,193.8801
12:11:44.8247 PM,0.02656299,0.2619636,0.90136,39.66362,341.9229,194.5971
12:11:44.8358 PM,0.02915719,0.2616826,0.9005075,39.75834,342.0461,195.4592
12:11:44.8461 PM,0.0314852,0.2616295,0.9000725,39.7919,342.1844,196.146
12:11:44.8576 PM,0.03391045,0.2609019,0.8983955,39.83433,342.3003,196.6106
12:11:44.8685 PM,0.03621235,0.2605873,0.8974248,39.93836,342.4509,197.2613
12:11:44.8796 PM,0.03860375,0.2604127,0.8966768,40.06431,342.732,197.9491
12:11:44.8906 PM,0.04105806,0.2595752,0.895256,40.13997,342.9805,198.4817
12:11:44.9021 PM,0.04342261,0.2593873,0.894732,40.22004,343.2286,198.9046
12:11:44.9126 PM,0.04557461,0.2589922,0.8942134,40.3203,343.438,199.0376
12:11:44.9247 PM,0.04791409,0.2590528,0.8939464,40.40291,343.6582,199.101
12:11:44.9347 PM,0.05024225,0.2587922,0.8931379,40.45912,343.9196,199.1201
12:11:44.9461 PM,0.05223513,0.2590607,0.8929274,40.46912,344.1834,199.039
12:11:44.9576 PM,0.05431426,0.2597933,0.8932151,40.36757,344.4645,198.918
12:11:44.9686 PM,0.05624363,0.2603177,0.8930999,40.30089,344.7526,198.8697
12:11:44.9796 PM,0.058276,0.2611284,0.8934138,40.30229,345.0091,198.8844
12:11:44.9906 PM,0.06000713,0.2618316,0.8936648,40.42128,345.1817,199.3577
12:11:45.0016 PM,0.06206936,0.2625828,0.8939295,40.62675,345.3266,200.1327
12:11:45.0120 PM,0.06424314,0.263584,0.8942446,40.83057,345.5393,201.0346
12:11:45.0247 PM,0.06674784,0.2648457,0.8947231,40.93988,345.8695,201.9942
12:11:45.0347 PM,0.07014334,0.2663413,0.8942955,40.89729,346.3343,202.9955
12:11:45.0466 PM,0.07294804,0.2676151,0.8942097,40.90272,346.7273,203.6967
12:11:45.0576 PM,0.07634029,0.2698934,0.8950804,40.87004,347.3377,204.5891
12:11:45.0681 PM,0.07966673,0.2713592,0.8951614,40.90305,347.8318,205.3351
12:11:45.0796 PM,0.08313441,0.2735624,0.8960626,40.92667,348.3655,206.0826
12:11:45.0900 PM,0.08621296,0.2747107,0.8961842,40.9808,348.8401,206.7421
12:11:45.1015 PM,0.08955139,0.2767301,0.897292,41.16084,349.0675,206.9937
12:11:45.1125 PM,0.09287286,0.2780287,0.8972237,41.26396,349.3019,207.1718
12:11:45.1235 PM,0.09599006,0.2795007,0.8976771,41.15776,349.4343,206.7025
12:11:45.1345 PM,0.09877735,0.2820014,0.8993628,40.94452,349.7067,206.3437
12:11:45.1461 PM,0.1010604,0.2842559,0.9004048,40.47495,349.774,205.0416
12:11:45.1577 PM,0.1026111,0.2867775,0.9022651,39.93318,349.8203,203.7433
12:11:45.1687 PM,0.1042384,0.2888715,0.9035318,39.53814,349.9521,203.0256
12:11:45.1796 PM,0.1051887,0.2905762,0.9048311,39.12085,349.937,202.2626
12:11:45.1906 PM,0.1060364,0.2916775,0.9058377,38.91739,349.894,202.012
12:11:45.2021 PM,0.1068516,0.2927926,0.9068013,38.72962,349.805,201.8373
12:11:45.2120 PM,0.1074935,0.2930127,0.9067696,38.60155,349.6083,201.8219
12:11:45.2235 PM,0.1076525,0.2938204,0.9075841,38.40165,349.4489,201.7954
12:11:45.2356 PM,0.1078127,0.2939574,0.9077871,38.21264,349.4279,202.0443
12:11:45.2526 PM,0.1089783,0.2933224,0.9068714,38.1501,349.5818,202.4801
12:11:45.2606 PM,0.1100116,0.2926267,0.9062656,38.26015,349.822,203.2442
12:11:45.2699 PM,0.1109776,0.2918402,0.905869,38.50194,349.9872,203.9305
12:11:45.2797 PM,0.1120319,0.2908781,0.9052404,38.68945,350.1892,204.4076
12:11:45.2912 PM,0.1129926,0.2892627,0.9038652,38.91978,350.4685,204.5624
12:11:45.3018 PM,0.1136941,0.2879157,0.9033194,39.0564,350.6571,204.5383
12:11:45.3133 PM,0.113088,0.2855662,0.9024547,39.23435,350.5955,203.6663
12:11:45.3243 PM,0.1128304,0.2838463,0.9018638,39.38559,350.5556,203.3054
12:11:45.3353 PM,0.1123255,0.2815789,0.9013375,39.61325,350.3296,202.741
12:11:45.3466 PM,0.1122255,0.2788603,0.899861,39.84864,350.0847,202.1904
12:11:45.3576 PM,0.1116579,0.2770424,0.8995229,40.02711,349.8824,201.6864
12:11:45.3686 PM,0.109934,0.2761644,0.9002293,40.02555,349.6011,201.0672
12:11:45.3796 PM,0.1086903,0.2750027,0.9004866,39.97536,349.3434,200.416
12:11:45.3911 PM,0.1067559,0.2742019,0.9011158,39.82573,349.2132,199.9789
12:11:45.4016 PM,0.105033,0.2732521,0.9016478,39.75671,349.0552,199.8509
12:11:45.4126 PM,0.1030706,0.2726004,0.9024153,39.72689,348.7821,199.775
12:11:45.4247 PM,0.101046,0.2713701,0.9029834,39.76759,348.5269,199.7062
12:11:45.4357 PM,0.09896231,0.270999,0.9040507,39.78801,348.2432,199.8156
12:11:45.4467 PM,0.09704745,0.2707194,0.9051594,39.66078,348.0082,199.9175
12:11:45.4577 PM,0.09488642,0.2711047,0.9068373,39.47223,347.7982,199.6878
12:11:45.4687 PM,0.09236681,0.2716328,0.9088187,39.14174,347.5743,198.9675
12:11:45.4797 PM,0.08998978,0.2719154,0.9104544,38.89722,347.3624,198.3392
12:11:45.4907 PM,0.08752105,0.2720646,0.9117001,38.71914,347.1413,197.95
12:11:45.5022 PM,0.08508623,0.2720765,0.9131235,38.58627,346.9037,197.7261
12:11:45.5127 PM,0.08250886,0.2720482,0.9145588,38.60308,346.5795,197.7829
12:11:45.5244 PM,0.07992095,0.2718828,0.915529,38.59072,346.2512,197.9669
12:11:45.5356 PM,0.07721454,0.2721431,0.9171206,38.53161,345.9213,197.9882
12:11:45.5471 PM,0.07469445,0.2723569,0.9183611,38.36158,345.614,197.8212
12:11:45.5636 PM,0.07219407,0.2727629,0.9198498,38.23882,345.2968,197.6796
12:11:45.5726 PM,0.06999356,0.2733306,0.9212873,38.14912,344.9991,197.5922
12:11:45.5797 PM,0.06814367,0.2732857,0.9220157,38.03267,344.7626,197.4999
12:11:45.5906 PM,0.06663805,0.2737772,0.923346,37.9148,344.6378,197.3188
12:11:45.6017 PM,0.06538022,0.2740128,0.9242812,37.77762,344.5756,196.9944
12:11:45.6127 PM,0.06430155,0.2744862,0.9253714,37.67879,344.5108,196.5361
12:11:45.6237 PM,0.06284529,0.2748901,0.9264485,37.58945,344.4201,196.1813
12:11:45.6352 PM,0.06175697,0.2751261,0.9271109,37.56561,344.3269,195.7276
12:11:45.6460 PM,0.06062686,0.2749308,0.9273279,37.67567,344.1896,195.6686
12:11:45.6565 PM,0.05977565,0.2748586,0.9276569,37.82907,344.0393,195.8079
12:11:45.6766 PM,0.05989712,0.2739252,0.9266999,38.12783,343.9438,196.5382
12:11:45.6836 PM,0.05980486,0.2736995,0.926743,38.28909,343.8854,196.8384
12:11:45.6906 PM,0.06017077,0.2734094,0.9264973,38.51123,343.7139,196.9291
12:11:45.7017 PM,0.06064421,0.2727782,0.9259002,38.66911,343.5679,197.0583
12:11:45.7126 PM,0.0620479,0.2724634,0.9255735,38.84634,343.4648,197.0472
12:11:45.7237 PM,0.06342745,0.2721941,0.925359,38.9715,343.4973,196.9868
12:11:45.7347 PM,0.06504092,0.2719815,0.9252387,39.06878,343.6595,197.1478
12:11:45.7458 PM,0.06732723,0.2711356,0.9243265,39.14735,343.987,197.2393
12:11:45.7566 PM,0.06951579,0.2708756,0.9240838,39.2482,344.2961,197.1209
12:11:45.7680 PM,0.07224709,0.2703021,0.9233148,39.37065,344.6818,196.8195
12:11:45.7795 PM,0.07459748,0.2695713,0.9221364,39.48859,344.8703,196.6782
12:11:45.7896 PM,0.07699513,0.2693844,0.9215201,39.63572,345.021,196.5143
12:11:45.8010 PM,0.07972422,0.2686306,0.9202328,39.79156,345.1319,196.592
12:11:45.8125 PM,0.08235973,0.2686255,0.9195434,39.9483,345.2826,196.95
12:11:45.8235 PM,0.08494318,0.2690034,0.9194347,40.09913,345.4676,197.2591
12:11:45.8350 PM,0.08788073,0.2693053,0.9187938,40.26836,345.7036,197.5976
12:11:45.8455 PM,0.09101582,0.2695214,0.9182937,40.37292,345.998,197.8747
12:11:45.8566 PM,0.09446889,0.2699012,0.9173762,40.4726,346.2519,198.0383
12:11:45.8676 PM,0.09768981,0.2708763,0.9172109,40.51004,346.5621,198.3927
12:11:45.8786 PM,0.100692,0.2715528,0.9169562,40.54136,346.8481,198.7088
12:11:45.8896 PM,0.103851,0.2728844,0.9170345,40.54217,347.1264,198.9664
12:11:45.9011 PM,0.1072882,0.2735076,0.9163463,40.53246,347.4109,199.1243
12:11:45.9126 PM,0.1103245,0.2749211,0.9165552,40.49617,347.693,199.2186
12:11:45.9236 PM,0.1130339,0.2767107,0.9170613,40.36739,347.9898,199.0629
12:11:45.9346 PM,0.1160463,0.2777907,0.9165279,40.25362,348.236,198.9927
12:11:45.9461 PM,0.1184886,0.2798737,0.9172057,40.06642,348.4452,198.8544
12:11:45.9566 PM,0.1210431,0.2814817,0.9174109,39.84623,348.7005,198.7922
12:11:45.9681 PM,0.1229256,0.2841302,0.9186147,39.43977,348.943,198.4893
12:11:45.9796 PM,0.1252682,0.2861248,0.9188055,39.15342,349.1558,198.282
12:11:45.9900 PM,0.1269795,0.288599,0.919814,38.86256,349.3377,198.1981
12:11:46.0016 PM,0.1286003,0.2906619,0.9202816,38.6735,349.4748,198.3226
12:11:46.0126 PM,0.1301497,0.2928355,0.9209446,38.48835,349.6206,198.5491
12:11:46.0236 PM,0.1315969,0.2953382,0.9219003,38.34179,349.7659,198.8776
12:11:46.0348 PM,0.1331477,0.2978307,0.9228146,38.17469,349.9088,199.1502
12:11:46.0460 PM,0.1351007,0.2994912,0.9226922,38.04724,350.0478,199.3478
12:11:46.0565 PM,0.1366392,0.3018516,0.9234588,37.96961,350.2227,199.4849
12:11:46.0676 PM,0.1381909,0.3041213,0.9241664,37.96628,350.3534,199.6183
12:11:46.0790 PM,0.1397704,0.3064554,0.924899,37.93587,350.477,199.7962
12:11:46.0905 PM,0.1414356,0.3089423,0.9256701,37.91334,350.5995,200.0388
12:11:46.1020 PM,0.1431184,0.3115771,0.9263976,37.82761,350.8136,200.4702
12:11:46.1126 PM,0.1453943,0.3140132,0.9267253,37.74322,351.0416,200.8296
12:11:46.1246 PM,0.1474906,0.3166347,0.927465,37.7037,351.2527,201.073
12:11:46.1356 PM,0.1494852,0.3190949,0.9279249,37.70901,351.4177,201.4019
12:11:46.1476 PM,0.1517252,0.3217961,0.9286619,37.6726,351.6276,201.8593
12:11:46.1581 PM,0.1543131,0.3247126,0.9295814,37.58126,351.934,202.3671
12:11:46.1706 PM,0.1569704,0.3278316,0.9306523,37.36182,352.2566,202.6221
12:11:46.1876 PM,0.1596197,0.3309994,0.9317485,37.02945,352.5826,202.5634
12:11:46.1966 PM,0.1620796,0.3340342,0.9327766,36.71062,352.8203,202.2486
12:11:46.2046 PM,0.1644205,0.3368728,0.9336423,36.46209,353.0244,202.0524
12:11:46.2136 PM,0.1667234,0.3395842,0.9344224,36.27065,353.2213,202.0507
12:11:46.2243 PM,0.1688792,0.3421233,0.9350145,36.13962,353.3632,202.2003
12:11:46.2356 PM,0.1709055,0.3446295,0.9355187,35.99829,353.5359,202.3729
12:11:46.2464 PM,0.1730239,0.3471755,0.9360999,35.81491,353.7394,202.4241
12:11:46.2574 PM,0.1750408,0.3495947,0.9366099,35.61072,353.9699,202.311
12:11:46.2689 PM,0.176873,0.3519174,0.9371573,35.35232,354.1787,202.0773
12:11:46.2804 PM,0.178562,0.3539534,0.9376189,35.13503,354.3488,201.8702
12:11:46.2908 PM,0.1800195,0.3556629,0.9379172,35.0023,354.5098,201.8256
12:11:46.3023 PM,0.1815566,0.3573022,0.9382194,34.905,354.6647,201.7705
12:11:46.3136 PM,0.1828286,0.3584198,0.9383328,34.93087,354.7823,201.7443
12:11:46.3248 PM,0.183874,0.3594369,0.9384875,34.9649,354.878,201.5905
12:11:46.3358 PM,0.1847193,0.3604932,0.9387683,34.92833,354.9858,201.3219
12:11:46.3463 PM,0.1855631,0.3616245,0.9389951,34.89305,355.1071,201.0768
12:11:46.3573 PM,0.1859826,0.3626703,0.9393463,34.84874,355.1922,200.8816
12:11:46.3688 PM,0.186133,0.3637215,0.939678,34.82248,355.1117,200.6865
12:11:46.3803 PM,0.1862939,0.3646638,0.9399035,34.83747,355.1878,200.8667
12:11:46.3906 PM,0.1864017,0.3655813,0.9399835,34.9006,355.1914,201.266
12:11:46.4020 PM,0.1865926,0.3665,0.9401124,34.99495,355.2075,201.6443
12:11:46.4135 PM,0.1866965,0.3674051,0.9402218,35.14718,355.1719,202.1144
12:11:46.4246 PM,0.1870358,0.3687019,0.9405485,35.17518,355.2299,202.6364
12:11:46.4357 PM,0.1874686,0.3701241,0.9409342,35.20398,355.255,202.956
12:11:46.4467 PM,0.1879782,0.3719999,0.9415385,35.11279,355.3716,203.0649
12:11:46.4582 PM,0.1885228,0.3739827,0.9422338,35.00465,355.4864,202.83
12:11:46.4687 PM,0.1889658,0.3760573,0.9429644,34.88626,355.4957,202.5659
12:11:46.4799 PM,0.189413,0.378143,0.9436238,34.82065,355.4813,202.4747
12:11:46.4980 PM,0.1898521,0.3801508,0.9442016,34.78545,355.4686,202.5161
12:11:46.5065 PM,0.1904357,0.3822856,0.9447186,34.75354,355.4357,202.5403
12:11:46.5135 PM,0.1909505,0.384536,0.9452707,34.71912,355.3823,202.5627
12:11:46.5226 PM,0.1915561,0.3869351,0.9459586,34.62287,355.3764,202.5735
12:11:46.5347 PM,0.1923124,0.3897926,0.9469061,34.38558,355.4037,202.3937
12:11:46.5451 PM,0.193277,0.3929709,0.9480205,34.04686,355.5208,202.1291
12:11:46.5566 PM,0.1941393,0.396264,0.9492477,33.65868,355.6346,201.8324
12:11:46.5681 PM,0.1949716,0.3994048,0.9503231,33.33562,355.6828,201.5909
12:11:46.5786 PM,0.1957031,0.4023473,0.9512531,33.10272,355.6951,201.4865
12:11:46.5896 PM,0.196211,0.4051905,0.9520187,32.95031,355.5816,201.5298
12:11:46.6010 PM,0.1966128,0.4079012,0.9525449,32.90325,355.4615,201.649
12:11:46.6115 PM,0.197044,0.4106843,0.9530392,32.84645,355.3467,201.7728
12:11:46.6227 PM,0.1976044,0.4136263,0.953582,32.72457,355.3012,201.7909
12:11:46.6348 PM,0.198231,0.4167039,0.9542245,32.5291,355.2889,201.6631
12:11:46.6451 PM,0.1989353,0.4199402,0.9548749,32.25764,355.4057,201.3427
12:11:46.6566 PM,0.1994317,0.4230644,0.9555253,31.96022,355.4872,200.8849
12:11:46.6676 PM,0.1999142,0.4260752,0.9560881,31.71295,355.5493,200.5456
12:11:46.6786 PM,0.2002414,0.4288299,0.9563708,31.60299,355.5742,200.4118
12:11:46.6896 PM,0.2006216,0.431331,0.9564281,31.62209,355.6035,200.721
12:11:46.7006 PM,0.2010785,0.4336982,0.9563615,31.73011,355.6391,201.2094
12:11:46.7116 PM,0.2017627,0.4361331,0.9561763,31.81545,355.7482,201.6878
12:11:46.7220 PM,0.202407,0.4386969,0.9561974,31.83443,355.8628,202.0515
12:11:46.7336 PM,0.2031348,0.4413894,0.9562238,31.85971,356.0166,202.4219
12:11:46.7456 PM,0.20383,0.4442066,0.9562862,31.87169,356.1541,202.639
12:11:46.7568 PM,0.2045276,0.4471042,0.9563242,31.81983,356.2827,202.8583
12:11:46.7673 PM,0.2052569,0.4500024,0.9564222,31.77687,356.3781,203.0605
12:11:46.7783 PM,0.2060273,0.4529186,0.9565378,31.72282,356.4613,203.3542
12:11:46.7902 PM,0.20702,0.4558809,0.9566748,31.68712,356.5674,203.7186
12:11:46.8076 PM,0.2080991,0.4589856,0.9569207,31.61215,356.69,203.9449
12:11:46.8156 PM,0.2092768,0.4623592,0.9572657,31.41442,356.809,203.955
12:11:46.8226 PM,0.210236,0.4657528,0.9577699,31.20845,356.9191,203.8846
12:11:46.8346 PM,0.2111158,0.4694911,0.9584825,30.8764,357.0183,203.5777
12:11:46.8451 PM,0.2120119,0.4732757,0.9591452,30.57596,357.1031,203.4524
12:11:46.8560 PM,0.2129604,0.4769778,0.959667,30.35825,357.1977,203.5762
12:11:46.8676 PM,0.2139915,0.4806615,0.9600949,30.14004,357.2868,203.8324
12:11:46.8791 PM,0.2151143,0.4842725,0.9605392,29.94204,357.4169,204.1164
12:11:46.8896 PM,0.2163104,0.4879299,0.9610077,29.71897,357.5561,204.3112
12:11:46.9006 PM,0.2174821,0.4915912,0.9614954,29.50603,357.7051,204.2792
12:11:46.9116 PM,0.2184391,0.4952577,0.9619973,29.26517,357.8185,204.0841
12:11:46.9226 PM,0.219566,0.4988709,0.9625394,29.00114,357.9537,204.0351
12:11:46.9336 PM,0.2207494,0.5024234,0.9630593,28.77942,358.1072,204.0663
12:11:46.9451 PM,0.221978,0.5057469,0.9635382,28.6216,358.2777,204.0737
12:11:46.9561 PM,0.2230702,0.5089495,0.9640573,28.46631,358.4279,204.0066
12:11:46.9675 PM,0.2238434,0.5121558,0.9645997,28.32374,358.5488,203.9791
12:11:46.9786 PM,0.2243961,0.5153082,0.9652332,28.1739,358.5843,203.8112
12:11:46.9901 PM,0.2247881,0.5184332,0.9658266,28.04255,358.5792,203.7471
12:11:47.0006 PM,0.2252503,0.5215795,0.9664049,27.94423,358.6228,203.9867
12:11:47.0118 PM,0.2257413,0.5247986,0.96694,27.85814,358.6705,204.2638
12:11:47.0228 PM,0.226373,0.5281056,0.9673752,27.74429,358.7801,204.543
12:11:47.0337 PM,0.2269751,0.5314407,0.9678801,27.62311,358.866,204.7989
12:11:47.0451 PM,0.2275405,0.5347543,0.9683565,27.53937,358.9595,204.9902
12:11:47.0561 PM,0.2280247,0.5380763,0.9688458,27.46107,359.0332,204.972
12:11:47.0676 PM,0.2284679,0.5413923,0.9693669,27.36626,359.0517,204.9411
12:11:47.0786 PM,0.2288664,0.5447706,0.9697781,27.28252,359.0822,205.1084
12:11:47.0896 PM,0.2294549,0.5481476,0.9703325,27.20275,359.1401,205.245
12:11:47.1006 PM,0.2301463,0.5514829,0.9709145,27.10551,359.2254,205.3909
12:11:47.1181 PM,0.2307386,0.5547423,0.9715004,26.98081,359.2679,205.3084
12:11:47.1266 PM,0.2312661,0.5580118,0.9719505,26.84146,359.3046,205.1979
12:11:47.1336 PM,0.2318494,0.5611637,0.9724908,26.70085,359.3387,205.0332
12:11:47.1451 PM,0.2324522,0.5642445,0.9729944,26.63298,359.3854,204.9875
12:11:47.1566 PM,0.2329208,0.5672904,0.973529,26.55549,359.3664,204.9575
12:11:47.1676 PM,0.2333505,0.5703584,0.9740894,26.45778,359.3497,204.9625
12:11:47.1786 PM,0.233782,0.5732487,0.9744875,26.3383,359.3331,204.9075
12:11:47.1891 PM,0.2340868,0.575877,0.9749266,26.21242,359.3487,204.9163
12:11:47.2006 PM,0.2342927,0.5781201,0.9751747,26.16604,359.3345,204.8735
12:11:47.2116 PM,0.234423,0.5800875,0.9752804,26.17209,359.2901,204.8874
12:11:47.2226 PM,0.2345942,0.5821302,0.9753759,26.18952,359.2943,204.8881
12:11:47.2335 PM,0.2346353,0.5838994,0.9752524,26.22979,359.3647,204.9797
12:11:47.2446 PM,0.2347296,0.5857273,0.975296,26.23836,359.4536,205.1043
12:11:47.2561 PM,0.2346767,0.5875535,0.9754111,26.22456,359.5248,205.1223
12:11:47.2676 PM,0.2346209,0.5893766,0.9755392,26.20561,359.5845,205.1322
12:11:47.2786 PM,0.2344109,0.5910919,0.9756303,26.16034,359.6475,205.3213
12:11:47.2898 PM,0.2343771,0.5927441,0.9757679,26.15399,359.7401,205.5423
12:11:47.3003 PM,0.2343059,0.5943249,0.9759569,26.18321,359.8114,205.6956
12:11:47.3113 PM,0.2341891,0.5960914,0.9762806,26.15796,359.8505,205.8838
12:11:47.3225 PM,0.2340659,0.5980056,0.9766363,26.12412,359.8846,206.0307
12:11:47.3344 PM,0.2339148,0.6000879,0.9770013,26.10768,359.9059,206.0796
12:11:47.3456 PM,0.2335792,0.6023544,0.9776257,26.05414,359.8695,206.144
12:11:47.3556 PM,0.2332584,0.6048228,0.9782747,25.95743,359.8404,206.251
12:11:47.3676 PM,0.2330829,0.6071685,0.9788202,25.91223,359.8497,206.3974
12:11:47.3787 PM,0.2330004,0.609662,0.9793675,25.91125,359.8469,206.6289
12:11:47.3897 PM,0.2329991,0.6122172,0.9797993,25.97126,359.8437,206.8117
12:11:47.4002 PM,0.2330404,0.6150231,0.9804069,26.02054,359.8298,207.0834
12:11:47.4117 PM,0.2330472,0.61789,0.9810772,26.04319,359.8057,207.295
12:11:47.4227 PM,0.2331387,0.621186,0.9819437,26.04036,359.8156,207.3999
12:11:47.4337 PM,0.2332318,0.6248124,0.9829334,25.92633,359.8283,207.3902
12:11:47.4451 PM,0.2332816,0.6285836,0.9839791,25.79923,359.8065,207.3941
12:11:47.4555 PM,0.2334256,0.632401,0.9848824,25.66971,359.8553,207.2727
12:11:47.4676 PM,0.2336131,0.6360675,0.9857516,25.58919,359.8658,207.2398
12:11:47.4786 PM,0.2339758,0.6400946,0.9867089,25.50307,359.8644,207.5452
12:11:47.4897 PM,0.2344227,0.6443073,0.9877026,25.37051,359.8945,207.8465
12:11:47.5002 PM,0.2348214,0.6488245,0.9888777,25.08786,359.9677,208.1204
12:11:47.5117 PM,0.2351467,0.6532569,0.9899861,24.78671,0.05526737,208.1673
12:11:47.5219 PM,0.2352341,0.6577571,0.9910762,24.43301,0.0517401,207.8553
12:11:47.5333 PM,0.2352864,0.6620154,0.991985,24.16011,-0.002563926,207.8049
12:11:47.5456 PM,0.2353265,0.6660693,0.99271,23.98321,359.9196,208.012
12:11:47.5556 PM,0.235484,0.6700017,0.9933194,23.8408,359.8568,208.2012
12:11:47.5681 PM,0.235608,0.6739581,0.9939673,23.67304,359.8063,208.2402
12:11:47.5796 PM,0.2356181,0.6777192,0.9943964,23.50623,359.7399,208.0351
12:11:47.5906 PM,0.235469,0.6814152,0.9946772,23.30714,359.6991,207.7917
12:11:47.6016 PM,0.2352474,0.6848794,0.9947889,23.14879,359.6254,207.5559
12:11:47.6135 PM,0.23491,0.687949,0.9946916,23.08427,359.5454,207.3076
12:11:47.6245 PM,0.234467,0.6906705,0.9944345,23.12475,359.476,207.0399
12:11:47.6356 PM,0.2339365,0.6931366,0.9940623,23.25043,359.3807,206.9182
12:11:47.6476 PM,0.2332047,0.6957218,0.9937975,23.3506,359.2908,206.9387
12:11:47.6586 PM,0.2325157,0.6980884,0.9934618,23.46657,359.1965,207.0035
12:11:47.6706 PM,0.2317648,0.7005035,0.9931871,23.55395,359.1054,207.0496
12:11:47.6816 PM,0.230817,0.70287,0.992861,23.64215,358.9766,206.9744
12:11:47.6933 PM,0.2296218,0.7051249,0.9923905,23.76803,358.791,206.8166
12:11:47.7046 PM,0.2281536,0.7070996,0.9919497,23.9393,358.5132,206.4222
12:11:47.7156 PM,0.2268283,0.7091388,0.9916092,24.08141,358.2915,206.3349
12:11:47.7267 PM,0.2253228,0.7110386,0.9912077,24.25001,358.0647,206.2726
12:11:47.7387 PM,0.2238051,0.7127872,0.9909036,24.45895,357.9074,206.2215
12:11:47.7496 PM,0.2222657,0.7147052,0.9906217,24.58312,357.8105,206.4969
12:11:47.7611 PM,0.220484,0.7166816,0.9905145,24.66885,357.578,206.5982
12:11:47.7716 PM,0.2186534,0.7186211,0.9904225,24.77267,357.2987,206.6842
12:11:47.7835 PM,0.2168457,0.7204465,0.9903194,24.9331,356.9786,206.7152
12:11:47.7946 PM,0.2150992,0.7223427,0.9902471,25.07628,356.6868,206.7401
12:11:47.8056 PM,0.2133229,0.7242948,0.9900537,25.18482,356.4565,206.8647
12:11:47.8163 PM,0.211754,0.7264047,0.9900885,25.21486,356.2825,206.8814
12:11:47.8278 PM,0.2102085,0.7286001,0.9901462,25.18913,356.1241,206.7585
12:11:47.8388 PM,0.2088436,0.7309818,0.9903203,25.07093,356.0508,206.4471
12:11:47.8496 PM,0.2077672,0.7334394,0.9902892,24.96798,356.0002,206.2861
12:11:47.8608 PM,0.2064542,0.7356911,0.9903759,24.95404,355.8925,206.226
12:11:47.8723 PM,0.2050501,0.7378793,0.9904772,24.94475,355.7522,206.1427
12:11:47.8828 PM,0.2034848,0.7398666,0.9906105,24.98128,355.5064,206.0463
12:11:47.8944 PM,0.2019666,0.7415921,0.9906662,25.0934,355.2156,205.9965
12:11:47.9056 PM,0.2005988,0.7431657,0.9906679,25.24658,354.9369,206.009
12:11:47.9166 PM,0.1993842,0.7446724,0.990661,25.376,354.696,205.9014
12:11:47.9277 PM,0.1981056,0.7461306,0.9906367,25.48307,354.4511,205.6148
12:11:47.9387 PM,0.1969221,0.74733,0.9905843,25.59634,354.2438,205.1304
12:11:47.9503 PM,0.195838,0.7483056,0.9904306,25.76666,354.0125,204.7318
12:11:47.9613 PM,0.1951281,0.7490757,0.9902725,25.99406,353.8051,204.5424
12:11:47.9717 PM,0.1943477,0.7495983,0.9900417,26.2746,353.6768,204.5331
12:11:47.9822 PM,0.1935184,0.7501056,0.9898491,26.52692,353.5348,204.508
12:11:47.9947 PM,0.1927619,0.7502142,0.9896915,26.79163,353.3976,204.5202
12:11:48.0057 PM,0.1919789,0.7500775,0.9896075,27.05327,353.2308,204.452
12:11:48.0166 PM,0.1912591,0.7497189,0.9894122,27.27926,353.0822,204.3445
12:11:48.0276 PM,0.1905518,0.7493922,0.9892076,27.47441,352.9619,204.1914
12:11:48.0386 PM,0.1899052,0.7486776,0.9889648,27.71136,352.8585,203.8729
12:11:48.0498 PM,0.1891789,0.7478829,0.9887224,27.94422,352.661,203.6171
12:11:48.0608 PM,0.1881847,0.7470415,0.9888227,28.16556,352.4239,203.3658
12:11:48.0718 PM,0.1874307,0.7462475,0.9889809,28.27157,352.2394,203.0468
12:11:48.0828 PM,0.1867868,0.7454711,0.9891722,28.36377,352.0982,202.7728
12:11:48.0938 PM,0.1863707,0.7445286,0.9895703,28.3934,352.0498,202.5679
12:11:48.1058 PM,0.1863707,0.7445286,0.9895703,28.3934,352.0498,202.5679
12:11:48.1166 PM,0.1863707,0.7445286,0.9895703,28.3934,352.0498,202.5679
12:11:48.1276 PM,0.1863707,0.7445286,0.9895703,28.3934,352.0498,202.5679
12:11:48.1386 PM,0.1863707,0.7445286,0.9895703,28.3934,352.0498,202.5679
12:11:48.1502 PM,0.1863707,0.7445286,0.9895703,28.3934,352.0498,202.5679
12:11:48.1607 PM,0.1863707,0.7445286,0.9895703,28.3934,352.0498,202.5679
12:11:48.1718 PM,0.1863707,0.7445286,0.9895703,28.3934,352.0498,202.5679
12:11:48.1833 PM,0.1863707,0.7445286,0.9895703,28.3934,352.0498,202.5679
12:11:48.1937 PM,0.1863707,0.7445286,0.9895703,28.3934,352.0498,202.5679
12:11:48.2050 PM,0.1863707,0.7445286,0.9895703,28.3934,352.0498,202.5679
12:11:48.2167 PM,0.1863707,0.7445286,0.9895703,28.3934,352.0498,202.5679
12:11:48.2272 PM,0.1863707,0.7445286,0.9895703,28.3934,352.0498,202.5679
12:11:48.2387 PM,0.1863707,0.7445286,0.9895703,28.3934,352.0498,202.5679
12:11:48.2492 PM,0.1863707,0.7445286,0.9895703,28.3934,352.0498,202.5679
12:11:48.2607 PM,0.1863707,0.7445286,0.9895703,28.3934,352.0498,202.5679
12:11:48.2716 PM,0.1863707,0.7445286,0.9895703,28.3934,352.0498,202.5679
12:11:48.2826 PM,0.1863707,0.7445286,0.9895703,28.3934,352.0498,202.5679
12:11:48.2941 PM,0.1863707,0.7445286,0.9895703,28.3934,352.0498,202.5679
12:11:48.3056 PM,0.1863707,0.7445286,0.9895703,28.3934,352.0498,202.5679
12:11:48.3165 PM,0.1863707,0.7445286,0.9895703,28.3934,352.0498,202.5679
12:11:48.3275 PM,0.1863707,0.7445286,0.9895703,28.3934,352.0498,202.5679
12:11:48.3385 PM,0.1863707,0.7445286,0.9895703,28.3934,352.0498,202.5679
12:11:48.3497 PM,0.1863707,0.7445286,0.9895703,28.3934,352.0498,202.5679
12:11:48.3602 PM,0.1863707,0.7445286,0.9895703,28.3934,352.0498,202.5679
12:11:48.3707 PM,0.1863707,0.7445286,0.9895703,28.3934,352.0498,202.5679
12:11:48.3822 PM,0.1863707,0.7445286,0.9895703,28.3934,352.0498,202.5679
12:11:48.3927 PM,0.1863707,0.7445286,0.9895703,28.3934,352.0498,202.5679
12:11:48.4044 PM,0.1863707,0.7445286,0.9895703,28.3934,352.0498,202.5679
12:11:48.4156 PM,0.1863707,0.7445286,0.9895703,28.3934,352.0498,202.5679
12:11:48.4266 PM,0.1863707,0.7445286,0.9895703,28.3934,352.0498,202.5679
12:11:48.4376 PM,0.1863707,0.7445286,0.9895703,28.3934,352.0498,202.5679
12:11:48.4487 PM,0.1863707,0.7445286,0.9895703,28.3934,352.0498,202.5679
12:11:48.4601 PM,0.1863707,0.7445286,0.9895703,28.3934,352.0498,202.5679
12:11:48.4716 PM,0.1863707,0.7445286,0.9895703,28.3934,352.0498,202.5679
12:11:48.4816 PM,0.1863707,0.7445286,0.9895703,28.3934,352.0498,202.5679
12:11:48.4936 PM,0.1863707,0.7445286,0.9895703,28.3934,352.0498,202.5679
12:11:48.5049 PM,0.1863707,0.7445286,0.9895703,28.3934,352.0498,202.5679
12:11:48.5156 PM,0.1863707,0.7445286,0.9895703,28.3934,352.0498,202.5679
12:11:48.5266 PM,0.1863707,0.7445286,0.9895703,28.3934,352.0498,202.5679
12:11:48.5376 PM,0.1863707,0.7445286,0.9895703,28.3934,352.0498,202.5679
12:11:48.5491 PM,0.1863707,0.7445286,0.9895703,28.3934,352.0498,202.5679
12:11:48.5596 PM,0.1863707,0.7445286,0.9895703,28.3934,352.0498,202.5679
12:11:48.5711 PM,0.1863707,0.7445286,0.9895703,28.3934,352.0498,202.5679
12:11:48.5826 PM,0.1863707,0.7445286,0.9895703,28.3934,352.0498,202.5679
12:11:48.5934 PM,0.1863707,0.7445286,0.9895703,28.3934,352.0498,202.5679
12:11:48.6034 PM,0.1863707,0.7445286,0.9895703,28.3934,352.0498,202.5679
12:11:48.6156 PM,0.1863707,0.7445286,0.9895703,28.3934,352.0498,202.5679
12:11:48.6266 PM,0.1863707,0.7445286,0.9895703,28.3934,352.0498,202.5679
12:11:48.6371 PM,0.1863707,0.7445286,0.9895703,28.3934,352.0498,202.5679
12:11:48.6486 PM,0.1863707,0.7445286,0.9895703,28.3934,352.0498,202.5679
12:11:48.6601 PM,0.1863707,0.7445286,0.9895703,28.3934,352.0498,202.5679
12:11:48.6706 PM,0.1863707,0.7445286,0.9895703,28.3934,352.0498,202.5679
12:11:48.6821 PM,0.1863707,0.7445286,0.9895703,28.3934,352.0498,202.5679
12:11:48.6936 PM,0.1863707,0.7445286,0.9895703,28.3934,352.0498,202.5679
12:11:48.7046 PM,0.1863707,0.7445286,0.9895703,28.3934,352.0498,202.5679
12:11:48.7158 PM,0.1863707,0.7445286,0.9895703,28.3934,352.0498,202.5679
12:11:48.7268 PM,0.1863707,0.7445286,0.9895703,28.3934,352.0498,202.5679
12:11:48.7373 PM,0.1863707,0.7445286,0.9895703,28.3934,352.0498,202.5679
12:11:48.7488 PM,0.1863707,0.7445286,0.9895703,28.3934,352.0498,202.5679
12:11:48.7603 PM,0.1863707,0.7445286,0.9895703,28.3934,352.0498,202.5679
12:11:48.7718 PM,0.1863707,0.7445286,0.9895703,28.3934,352.0498,202.5679
12:11:48.7828 PM,0.1863707,0.7445286,0.9895703,28.3934,352.0498,202.5679
12:11:48.7933 PM,0.1863707,0.7445286,0.9895703,28.3934,352.0498,202.5679
12:11:48.8047 PM,0.1863707,0.7445286,0.9895703,28.3934,352.0498,202.5679
12:11:48.8157 PM,0.1863707,0.7445286,0.9895703,28.3934,352.0498,202.5679
12:11:48.8272 PM,0.1863707,0.7445286,0.9895703,28.3934,352.0498,202.5679
12:11:48.8387 PM,0.1863707,0.7445286,0.9895703,28.3934,352.0498,202.5679
12:11:48.8493 PM,0.1863707,0.7445286,0.9895703,28.3934,352.0498,202.5679
12:11:48.8605 PM,0.1863707,0.7445286,0.9895703,28.3934,352.0498,202.5679
12:11:48.8720 PM,0.1863707,0.7445286,0.9895703,28.3934,352.0498,202.5679
12:11:48.8819 PM,0.1863707,0.7445286,0.9895703,28.3934,352.0498,202.5679
12:11:48.8940 PM,0.1863707,0.7445286,0.9895703,28.3934,352.0498,202.5679
12:11:48.9046 PM,0.1863707,0.7445286,0.9895703,28.3934,352.0498,202.5679
12:11:48.9156 PM,0.1863707,0.7445286,0.9895703,28.3934,352.0498,202.5679
12:11:48.9271 PM,0.1863707,0.7445286,0.9895703,28.3934,352.0498,202.5679
12:11:48.9386 PM,0.1863707,0.7445286,0.9895703,28.3934,352.0498,202.5679
12:11:48.9496 PM,0.1863707,0.7445286,0.9895703,28.3934,352.0498,202.5679
12:11:48.9601 PM,0.1863707,0.7445286,0.9895703,28.3934,352.0498,202.5679
12:11:48.9716 PM,0.1863707,0.7445286,0.9895703,28.3934,352.0498,202.5679
12:11:48.9819 PM,0.1863707,0.7445286,0.9895703,28.3934,352.0498,202.5679
12:11:48.9933 PM,0.1863707,0.7445286,0.9895703,28.3934,352.0498,202.5679
12:11:49.0046 PM,0.1863707,0.7445286,0.9895703,28.3934,352.0498,202.5679
12:11:49.0156 PM,0.1863707,0.7445286,0.9895703,28.3934,352.0498,202.5679
12:11:49.0266 PM,0.1863707,0.7445286,0.9895703,28.3934,352.0498,202.5679
12:11:49.0378 PM,0.1863707,0.7445286,0.9895703,28.3934,352.0498,202.5679
12:11:49.0494 PM,0.1863707,0.7445286,0.9895703,28.3934,352.0498,202.5679
12:11:49.0609 PM,0.1863707,0.7445286,0.9895703,28.3934,352.0498,202.5679
12:11:49.0714 PM,0.1863707,0.7445286,0.9895703,28.3934,352.0498,202.5679
12:11:49.0824 PM,0.1863707,0.7445286,0.9895703,28.3934,352.0498,202.5679
12:11:49.0934 PM,0.1863707,0.7445286,0.9895703,28.3934,352.0498,202.5679
12:11:49.1041 PM,0.1863707,0.7445286,0.9895703,28.3934,352.0498,202.5679
12:11:49.1166 PM,0.1863707,0.7445286,0.9895703,28.3934,352.0498,202.5679
12:11:49.1271 PM,0.1863707,0.7445286,0.9895703,28.3934,352.0498,202.5679
12:11:49.1386 PM,0.1863707,0.7445286,0.9895703,28.3934,352.0498,202.5679
12:11:49.1494 PM,0.1863707,0.7445286,0.9895703,28.3934,352.0498,202.5679
12:11:49.1604 PM,0.1863707,0.7445286,0.9895703,28.3934,352.0498,202.5679
12:11:49.1709 PM,0.1863707,0.7445286,0.9895703,28.3934,352.0498,202.5679
12:11:49.1824 PM,0.1863707,0.7445286,0.9895703,28.3934,352.0498,202.5679
12:11:49.1937 PM,0.1863707,0.7445286,0.9895703,28.3934,352.0498,202.5679
12:11:49.2047 PM,0.1863707,0.7445286,0.9895703,28.3934,352.0498,202.5679
12:11:49.2167 PM,0.1863707,0.7445286,0.9895703,28.3934,352.0498,202.5679
12:11:49.2272 PM,0.1863707,0.7445286,0.9895703,28.3934,352.0498,202.5679
12:11:49.2377 PM,0.1863707,0.7445286,0.9895703,28.3934,352.0498,202.5679
12:11:49.2487 PM,0.1863707,0.7445286,0.9895703,28.3934,352.0498,202.5679
12:11:49.2597 PM,0.1863707,0.7445286,0.9895703,28.3934,352.0498,202.5679
12:11:49.2708 PM,0.1863707,0.7445286,0.9895703,28.3934,352.0498,202.5679
12:11:49.2825 PM,0.1863707,0.7445286,0.9895703,28.3934,352.0498,202.5679
12:11:49.2926 PM,0.1863707,0.7445286,0.9895703,28.3934,352.0498,202.5679
12:11:49.3036 PM,0.1863707,0.7445286,0.9895703,28.3934,352.0498,202.5679
12:11:49.3149 PM,0.1863707,0.7445286,0.9895703,28.3934,352.0498,202.5679
12:11:49.3266 PM,0.1863707,0.7445286,0.9895703,28.3934,352.0498,202.5679
12:11:49.3371 PM,0.1863707,0.7445286,0.9895703,28.3934,352.0498,202.5679
12:11:49.3486 PM,0.1863707,0.7445286,0.9895703,28.3934,352.0498,202.5679
12:11:49.3600 PM,0.1863707,0.7445286,0.9895703,28.3934,352.0498,202.5679
12:11:49.3705 PM,0.1863707,0.7445286,0.9895703,28.3934,352.0498,202.5679
12:11:49.3816 PM,0.1863707,0.7445286,0.9895703,28.3934,352.0498,202.5679
12:11:49.3926 PM,0.1863707,0.7445286,0.9895703,28.3934,352.0498,202.5679
12:11:49.4044 PM,0.1863707,0.7445286,0.9895703,28.3934,352.0498,202.5679
12:11:49.4156 PM,0.1863707,0.7445286,0.9895703,28.3934,352.0498,202.5679
12:11:49.4266 PM,0.1863707,0.7445286,0.9895703,28.3934,352.0498,202.5679
12:11:49.5387 PM,0.1863707,0.7445286,0.9895703,28.3934,352.0498,202.5679
12:11:49.5574 PM,0.1863707,0.7445286,0.9895703,28.3934,352.0498,202.5679
12:11:49.5644 PM,0.1863707,0.7445286,0.9895703,28.3934,352.0498,202.5679
12:11:49.5716 PM,0.1863707,0.7445286,0.9895703,28.3934,352.0498,202.5679
12:11:49.5786 PM,0.1863707,0.7445286,0.9895703,28.3934,352.0498,202.5679
12:11:49.5888 PM,0.1863707,0.7445286,0.9895703,28.3934,352.0498,202.5679
12:11:49.5995 PM,0.1863707,0.7445286,0.9895703,28.3934,352.0498,202.5679
12:11:49.6105 PM,0.1863707,0.7445286,0.9895703,28.3934,352.0498,202.5679
12:11:49.6221 PM,0.1863707,0.7445286,0.9895703,28.3934,352.0498,202.5679
12:11:49.6326 PM,0.1863707,0.7445286,0.9895703,28.3934,352.0498,202.5679
12:11:49.6436 PM,0.1863707,0.7445286,0.9895703,28.3934,352.0498,202.5679
12:11:49.6556 PM,0.1863707,0.7445286,0.9895703,28.3934,352.0498,202.5679
12:11:49.6666 PM,0.1863707,0.7445286,0.9895703,28.3934,352.0498,202.5679
12:11:49.6776 PM,0.1863707,0.7445286,0.9895703,28.3934,352.0498,202.5679
12:11:49.6888 PM,0.1863707,0.7445286,0.9895703,28.3934,352.0498,202.5679
12:11:49.6995 PM,0.1863707,0.7445286,0.9895703,28.3934,352.0498,202.5679
12:11:49.7105 PM,0.1863707,0.7445286,0.9895703,28.3934,352.0498,202.5679
12:11:49.7220 PM,0.1863707,0.7445286,0.9895703,28.3934,352.0498,202.5679
12:11:49.7334 PM,0.1863707,0.7445286,0.9895703,28.3934,352.0498,202.5679
12:11:49.7444 PM,0.1863707,0.7445286,0.9895703,28.3934,352.0498,202.5679
12:11:49.7546 PM,0.1863707,0.7445286,0.9895703,28.3934,352.0498,202.5679
12:11:49.7666 PM,0.1863707,0.7445286,0.9895703,28.3934,352.0498,202.5679
12:11:49.7776 PM,0.1863707,0.7445286,0.9895703,28.3934,352.0498,202.5679
12:11:49.7887 PM,0.1863707,0.7445286,0.9895703,28.3934,352.0498,202.5679
12:11:49.7997 PM,0.1863707,0.7445286,0.9895703,28.3934,352.0498,202.5679
12:11:49.8102 PM,0.1863707,0.7445286,0.9895703,28.3934,352.0498,202.5679
12:11:49.8217 PM,0.1863707,0.7445286,0.9895703,28.3934,352.0498,202.5679
12:11:49.8327 PM,0.1863707,0.7445286,0.9895703,28.3934,352.0498,202.5679
12:11:49.8438 PM,0.1863707,0.7445286,0.9895703,28.3934,352.0498,202.5679
12:11:49.8545 PM,0.1863707,0.7445286,0.9895703,28.3934,352.0498,202.5679
12:11:49.8656 PM,0.1863707,0.7445286,0.9895703,28.3934,352.0498,202.5679
12:11:49.8767 PM,0.1863707,0.7445286,0.9895703,28.3934,352.0498,202.5679
12:11:49.8880 PM,0.1863707,0.7445286,0.9895703,28.3934,352.0498,202.5679
12:11:49.8996 PM,0.1863707,0.7445286,0.9895703,28.3934,352.0498,202.5679
12:11:49.9101 PM,0.1863707,0.7445286,0.9895703,28.3934,352.0498,202.5679
12:11:49.9217 PM,0.1863707,0.7445286,0.9895703,28.3934,352.0498,202.5679
12:11:49.9327 PM,0.1863707,0.7445286,0.9895703,28.3934,352.0498,202.5679
12:11:49.9438 PM,0.1863707,0.7445286,0.9895703,28.3934,352.0498,202.5679
12:11:49.9545 PM,0.1863707,0.7445286,0.9895703,28.3934,352.0498,202.5679
12:11:49.9657 PM,0.1863707,0.7445286,0.9895703,28.3934,352.0498,202.5679
12:11:49.9769 PM,0.1863707,0.7445286,0.9895703,28.3934,352.0498,202.5679
12:11:49.9877 PM,0.1863707,0.7445286,0.9895703,28.3934,352.0498,202.5679
12:11:49.9997 PM,0.1863707,0.7445286,0.9895703,28.3934,352.0498,202.5679
12:11:50.0107 PM,0.1863707,0.7445286,0.9895703,28.3934,352.0498,202.5679
12:11:50.0212 PM,0.1863707,0.7445286,0.9895703,28.3934,352.0498,202.5679
12:11:50.0327 PM,0.1863707,0.7445286,0.9895703,28.3934,352.0498,202.5679
12:11:50.0434 PM,0.1863707,0.7445286,0.9895703,28.3934,352.0498,202.5679
12:11:50.0546 PM,0.1863707,0.7445286,0.9895703,28.3934,352.0498,202.5679
12:11:50.0658 PM,0.1863707,0.7445286,0.9895703,28.3934,352.0498,202.5679
12:11:50.0771 PM,0.1863707,0.7445286,0.9895703,28.3934,352.0498,202.5679
12:11:50.0880 PM,0.1863707,0.7445286,0.9895703,28.3934,352.0498,202.5679
12:11:50.0985 PM,0.1863707,0.7445286,0.9895703,28.3934,352.0498,202.5679
12:11:50.1106 PM,0.1863707,0.7445286,0.9895703,28.3934,352.0498,202.5679
12:11:50.1216 PM,0.1863707,0.7445286,0.9895703,28.3934,352.0498,202.5679
12:11:50.1318 PM,0.1863707,0.7445286,0.9895703,28.3934,352.0498,202.5679
12:11:50.1436 PM,0.1863707,0.7445286,0.9895703,28.3934,352.0498,202.5679
12:11:50.1546 PM,0.1863707,0.7445286,0.9895703,28.3934,352.0498,202.5679
12:11:50.1666 PM,0.1863707,0.7445286,0.9895703,28.3934,352.0498,202.5679
12:11:50.1767 PM,0.1863707,0.7445286,0.9895703,28.3934,352.0498,202.5679
12:11:50.1879 PM,0.1863707,0.7445286,0.9895703,28.3934,352.0498,202.5679
12:11:50.1988 PM,0.1863707,0.7445286,0.9895703,28.3934,352.0498,202.5679
12:11:50.2103 PM,0.1863707,0.7445286,0.9895703,28.3934,352.0498,202.5679
12:11:50.2211 PM,0.1863707,0.7445286,0.9895703,28.3934,352.0498,202.5679
12:11:50.2326 PM,0.1863707,0.7445286,0.9895703,28.3934,352.0498,202.5679
12:11:50.2457 PM,0.1863707,0.7445286,0.9895703,28.3934,352.0498,202.5679
12:11:50.2595 PM,0.1863707,0.7445286,0.9895703,28.3934,352.0498,202.5679
12:11:50.2705 PM,0.1863707,0.7445286,0.9895703,28.3934,352.0498,202.5679
12:11:50.2815 PM,0.1863707,0.7445286,0.9895703,28.3934,352.0498,202.5679
12:11:50.2925 PM,0.1863707,0.7445286,0.9895703,28.3934,352.0498,202.5679
12:11:50.3047 PM,0.1863707,0.7445286,0.9895703,28.3934,352.0498,202.5679
12:11:50.3157 PM,0.1863707,0.7445286,0.9895703,28.3934,352.0498,202.5679
12:11:50.3267 PM,0.1863707,0.7445286,0.9895703,28.3934,352.0498,202.5679
12:11:50.3377 PM,0.1863707,0.7445286,0.9895703,28.3934,352.0498,202.5679
12:11:50.3487 PM,0.1863707,0.7445286,0.9895703,28.3934,352.0498,202.5679
12:11:50.3597 PM,0.1863707,0.7445286,0.9895703,28.3934,352.0498,202.5679
12:11:50.3707 PM,0.1863707,0.7445286,0.9895703,28.3934,352.0498,202.5679
12:11:50.3817 PM,0.1863707,0.7445286,0.9895703,28.3934,352.0498,202.5679
12:11:50.3922 PM,0.1863707,0.7445286,0.9895703,28.3934,352.0498,202.5679
12:11:50.4037 PM,0.1863707,0.7445286,0.9895703,28.3934,352.0498,202.5679
12:11:50.4156 PM,0.1863707,0.7445286,0.9895703,28.3934,352.0498,202.5679
12:11:50.4258 PM,0.1863707,0.7445286,0.9895703,28.3934,352.0498,202.5679
12:11:50.4378 PM,0.1863707,0.7445286,0.9895703,28.3934,352.0498,202.5679
12:11:50.4489 PM,0.1863707,0.7445286,0.9895703,28.3934,352.0498,202.5679
12:11:50.4597 PM,0.1863707,0.7445286,0.9895703,28.3934,352.0498,202.5679
12:11:50.4704 PM,0.1863707,0.7445286,0.9895703,28.3934,352.0498,202.5679
12:11:50.4817 PM,0.1863707,0.7445286,0.9895703,28.3934,352.0498,202.5679
12:11:50.4921 PM,0.1863707,0.7445286,0.9895703,28.3934,352.0498,202.5679
12:11:50.5036 PM,0.1863707,0.7445286,0.9895703,28.3934,352.0498,202.5679
12:11:50.5156 PM,0.1863707,0.7445286,0.9895703,28.3934,352.0498,202.5679
12:11:50.5266 PM,0.1863707,0.7445286,0.9895703,28.3934,352.0498,202.5679
12:11:50.5377 PM,0.1863707,0.7445286,0.9895703,28.3934,352.0498,202.5679
12:11:50.5487 PM,0.1863707,0.7445286,0.9895703,28.3934,352.0498,202.5679
12:11:50.5596 PM,0.1863707,0.7445286,0.9895703,28.3934,352.0498,202.5679
12:11:50.5706 PM,0.1863707,0.7445286,0.9895703,28.3934,352.0498,202.5679
12:11:50.5816 PM,0.1863707,0.7445286,0.9895703,28.3934,352.0498,202.5679
12:11:50.5928 PM,0.1863707,0.7445286,0.9895703,28.3934,352.0498,202.5679
12:11:50.6046 PM,0.1863707,0.7445286,0.9895703,28.3934,352.0498,202.5679
12:11:50.6156 PM,0.1863707,0.7445286,0.9895703,28.3934,352.0498,202.5679
12:11:50.6257 PM,0.1863707,0.7445286,0.9895703,28.3934,352.0498,202.5679
12:11:50.6369 PM,0.1863707,0.7445286,0.9895703,28.3934,352.0498,202.5679
12:11:50.6486 PM,0.1863707,0.7445286,0.9895703,28.3934,352.0498,202.5679
12:11:50.6599 PM,0.1863707,0.7445286,0.9895703,28.3934,352.0498,202.5679
12:11:50.6706 PM,0.1863707,0.7445286,0.9895703,28.3934,352.0498,202.5679
12:11:50.6821 PM,0.1863707,0.7445286,0.9895703,28.3934,352.0498,202.5679
12:11:50.6926 PM,0.1863707,0.7445286,0.9895703,28.3934,352.0498,202.5679
12:11:50.7036 PM,0.1863707,0.7445286,0.9895703,28.3934,352.0498,202.5679
12:11:50.7156 PM,0.1863707,0.7445286,0.9895703,28.3934,352.0498,202.5679
12:11:50.7258 PM,0.1863707,0.7445286,0.9895703,28.3934,352.0498,202.5679
12:11:50.7374 PM,0.1863707,0.7445286,0.9895703,28.3934,352.0498,202.5679
12:11:50.7488 PM,0.1863707,0.7445286,0.9895703,28.3934,352.0498,202.5679
12:11:50.7594 PM,0.1863707,0.7445286,0.9895703,28.3934,352.0498,202.5679
12:11:50.7703 PM,0.1863707,0.7445286,0.9895703,28.3934,352.0498,202.5679
12:11:50.7818 PM,0.1863707,0.7445286,0.9895703,28.3934,352.0498,202.5679
12:11:50.7918 PM,0.1863707,0.7445286,0.9895703,28.3934,352.0498,202.5679
12:11:50.8036 PM,0.1863707,0.7445286,0.9895703,28.3934,352.0498,202.5679
12:11:50.8148 PM,0.1863707,0.7445286,0.9895703,28.3934,352.0498,202.5679
12:11:50.8256 PM,0.1863707,0.7445286,0.9895703,28.3934,352.0498,202.5679
12:11:50.8377 PM,0.1863707,0.7445286,0.9895703,28.3934,352.0498,202.5679
12:11:50.8497 PM,0.1863707,0.7445286,0.9895703,28.3934,352.0498,202.5679
12:11:50.8598 PM,0.1863707,0.7445286,0.9895703,28.3934,352.0498,202.5679
12:11:50.8708 PM,0.1863707,0.7445286,0.9895703,28.3934,352.0498,202.5679
12:11:50.8822 PM,0.1863707,0.7445286,0.9895703,28.3934,352.0498,202.5679
12:11:50.8927 PM,0.1863707,0.7445286,0.9895703,28.3934,352.0498,202.5679
12:11:50.9038 PM,0.1863707,0.7445286,0.9895703,28.3934,352.0498,202.5679
12:11:50.9149 PM,0.1863707,0.7445286,0.9895703,28.3934,352.0498,202.5679
12:11:50.9268 PM,0.1863707,0.7445286,0.9895703,28.3934,352.0498,202.5679
12:11:50.9369 PM,0.1863707,0.7445286,0.9895703,28.3934,352.0498,202.5679
12:11:50.9486 PM,0.1863707,0.7445286,0.9895703,28.3934,352.0498,202.5679
12:11:50.9597 PM,0.1863707,0.7445286,0.9895703,28.3934,352.0498,202.5679
12:11:50.9707 PM,0.1863707,0.7445286,0.9895703,28.3934,352.0498,202.5679
12:11:50.9812 PM,0.1863707,0.7445286,0.9895703,28.3934,352.0498,202.5679
12:11:50.9927 PM,0.1863707,0.7445286,0.9895703,28.3934,352.0498,202.5679
12:11:51.0037 PM,0.1863707,0.7445286,0.9895703,28.3934,352.0498,202.5679
12:11:51.0147 PM,0.1863707,0.7445286,0.9895703,28.3934,352.0498,202.5679
12:11:51.0265 PM,0.1863707,0.7445286,0.9895703,28.3934,352.0498,202.5679
12:11:51.0368 PM,0.1863707,0.7445286,0.9895703,28.3934,352.0498,202.5679
12:11:51.0488 PM,0.1863707,0.7445286,0.9895703,28.3934,352.0498,202.5679
12:11:51.0598 PM,0.1863707,0.7445286,0.9895703,28.3934,352.0498,202.5679
12:11:51.0704 PM,0.1863707,0.7445286,0.9895703,28.3934,352.0498,202.5679
12:11:51.0814 PM,0.1863707,0.7445286,0.9895703,28.3934,352.0498,202.5679
12:11:51.0919 PM,0.1863707,0.7445286,0.9895703,28.3934,352.0498,202.5679
12:11:51.1038 PM,0.1863707,0.7445286,0.9895703,28.3934,352.0498,202.5679
12:11:51.1156 PM,0.1863707,0.7445286,0.9895703,28.3934,352.0498,202.5679
12:11:51.1257 PM,0.1863707,0.7445286,0.9895703,28.3934,352.0498,202.5679
12:11:51.1367 PM,0.1863707,0.7445286,0.9895703,28.3934,352.0498,202.5679
12:11:51.1487 PM,0.1863707,0.7445286,0.9895703,28.3934,352.0498,202.5679
12:11:51.1597 PM,0.1863707,0.7445286,0.9895703,28.3934,352.0498,202.5679
12:11:51.1705 PM,0.1863707,0.7445286,0.9895703,28.3934,352.0498,202.5679
12:11:51.1816 PM,0.1863707,0.7445286,0.9895703,28.3934,352.0498,202.5679
12:11:51.1918 PM,0.1863707,0.7445286,0.9895703,28.3934,352.0498,202.5679
12:11:51.2037 PM,0.1863707,0.7445286,0.9895703,28.3934,352.0498,202.5679
12:11:51.2148 PM,0.1863707,0.7445286,0.9895703,28.3934,352.0498,202.5679
12:11:51.2258 PM,0.1863707,0.7445286,0.9895703,28.3934,352.0498,202.5679
12:11:51.2370 PM,0.1863707,0.7445286,0.9895703,28.3934,352.0498,202.5679
12:11:51.2477 PM,0.1863707,0.7445286,0.9895703,28.3934,352.0498,202.5679
12:11:51.2597 PM,0.1863707,0.7445286,0.9895703,28.3934,352.0498,202.5679
12:11:51.2707 PM,0.1863707,0.7445286,0.9895703,28.3934,352.0498,202.5679
12:11:51.2817 PM,0.1863707,0.7445286,0.9895703,28.3934,352.0498,202.5679
12:11:51.2927 PM,0.1863707,0.7445286,0.9895703,28.3934,352.0498,202.5679
12:11:51.3038 PM,0.1863707,0.7445286,0.9895703,28.3934,352.0498,202.5679
12:11:51.3143 PM,0.1863707,0.7445286,0.9895703,28.3934,352.0498,202.5679
12:11:51.3256 PM,0.1863707,0.7445286,0.9895703,28.3934,352.0498,202.5679
12:11:51.3369 PM,0.1863707,0.7445286,0.9895703,28.3934,352.0498,202.5679
12:11:51.3477 PM,0.1863707,0.7445286,0.9895703,28.3934,352.0498,202.5679
12:11:51.3597 PM,0.1863707,0.7445286,0.9895703,28.3934,352.0498,202.5679
12:11:51.3706 PM,0.1863707,0.7445286,0.9895703,28.3934,352.0498,202.5679
12:11:51.3817 PM,0.1863707,0.7445286,0.9895703,28.3934,352.0498,202.5679
12:11:51.3927 PM,0.1863707,0.7445286,0.9895703,28.3934,352.0498,202.5679
12:11:51.4037 PM,0.1863707,0.7445286,0.9895703,28.3934,352.0498,202.5679
12:11:51.4156 PM,0.1863707,0.7445286,0.9895703,28.3934,352.0498,202.5679
12:11:51.4257 PM,0.1863707,0.7445286,0.9895703,28.3934,352.0498,202.5679
12:11:51.4367 PM,0.1863707,0.7445286,0.9895703,28.3934,352.0498,202.5679
12:11:51.4482 PM,0.1863707,0.7445286,0.9895703,28.3934,352.0498,202.5679
12:11:51.4592 PM,0.1863707,0.7445286,0.9895703,28.3934,352.0498,202.5679
12:11:51.4702 PM,0.1863707,0.7445286,0.9895703,28.3934,352.0498,202.5679
12:11:51.4817 PM,0.1863707,0.7445286,0.9895703,28.3934,352.0498,202.5679
12:11:51.4927 PM,0.1863707,0.7445286,0.9895703,28.3934,352.0498,202.5679
12:11:51.5037 PM,0.1863707,0.7445286,0.9895703,28.3934,352.0498,202.5679
12:11:51.5144 PM,0.1863707,0.7445286,0.9895703,28.3934,352.0498,202.5679
12:11:51.5256 PM,0.1863707,0.7445286,0.9895703,28.3934,352.0498,202.5679
12:11:51.5370 PM,0.1863707,0.7445286,0.9895703,28.3934,352.0498,202.5679
12:11:51.5479 PM,0.1863707,0.7445286,0.9895703,28.3934,352.0498,202.5679
12:11:51.5597 PM,0.1863707,0.7445286,0.9895703,28.3934,352.0498,202.5679
12:11:51.5696 PM,0.1863707,0.7445286,0.9895703,28.3934,352.0498,202.5679
12:11:51.5811 PM,0.1863707,0.7445286,0.9895703,28.3934,352.0498,202.5679
12:11:51.5926 PM,0.1863707,0.7445286,0.9895703,28.3934,352.0498,202.5679
12:11:51.6036 PM,0.1863707,0.7445286,0.9895703,28.3934,352.0498,202.5679
12:11:51.6147 PM,0.1863707,0.7445286,0.9895703,28.3934,352.0498,202.5679
12:11:51.6256 PM,0.1863707,0.7445286,0.9895703,28.3934,352.0498,202.5679
12:11:51.6367 PM,0.1863707,0.7445286,0.9895703,28.3934,352.0498,202.5679
12:11:51.6477 PM,0.1863707,0.7445286,0.9895703,28.3934,352.0498,202.5679
12:11:51.6589 PM,0.1863707,0.7445286,0.9895703,28.3934,352.0498,202.5679
12:11:51.6698 PM,0.1863707,0.7445286,0.9895703,28.3934,352.0498,202.5679
12:11:51.6808 PM,0.1863707,0.7445286,0.9895703,28.3934,352.0498,202.5679
12:11:51.6928 PM,0.1863707,0.7445286,0.9895703,28.3934,352.0498,202.5679
12:11:51.7038 PM,0.1863707,0.7445286,0.9895703,28.3934,352.0498,202.5679
12:11:51.7148 PM,0.1863707,0.7445286,0.9895703,28.3934,352.0498,202.5679
12:11:51.7258 PM,0.1863707,0.7445286,0.9895703,28.3934,352.0498,202.5679
12:11:51.7368 PM,0.1863707,0.7445286,0.9895703,28.3934,352.0498,202.5679
12:11:51.7479 PM,0.1863707,0.7445286,0.9895703,28.3934,352.0498,202.5679
12:11:51.7586 PM,0.1863707,0.7445286,0.9895703,28.3934,352.0498,202.5679
12:11:51.7702 PM,0.1863707,0.7445286,0.9895703,28.3934,352.0498,202.5679
12:11:51.7817 PM,0.1863707,0.7445286,0.9895703,28.3934,352.0498,202.5679
12:11:51.7927 PM,0.1863707,0.7445286,0.9895703,28.3934,352.0498,202.5679
12:11:51.8037 PM,0.1863707,0.7445286,0.9895703,28.3934,352.0498,202.5679
12:11:51.8147 PM,0.1863707,0.7445286,0.9895703,28.3934,352.0498,202.5679
12:11:51.8261 PM,0.1863707,0.7445286,0.9895703,28.3934,352.0498,202.5679
12:11:51.8367 PM,0.1863707,0.7445286,0.9895703,28.3934,352.0498,202.5679
12:11:51.8477 PM,0.1863707,0.7445286,0.9895703,28.3934,352.0498,202.5679
12:11:51.8592 PM,0.1863707,0.7445286,0.9895703,28.3934,352.0498,202.5679
12:11:51.8701 PM,0.1863707,0.7445286,0.9895703,28.3934,352.0498,202.5679
12:11:51.8816 PM,0.1863707,0.7445286,0.9895703,28.3934,352.0498,202.5679
12:11:51.8918 PM,0.1863707,0.7445286,0.9895703,28.3934,352.0498,202.5679
12:11:51.9038 PM,0.1863707,0.7445286,0.9895703,28.3934,352.0498,202.5679
12:11:51.9150 PM,0.1863707,0.7445286,0.9895703,28.3934,352.0498,202.5679
12:11:51.9256 PM,0.1863707,0.7445286,0.9895703,28.3934,352.0498,202.5679
12:11:51.9368 PM,0.1863707,0.7445286,0.9895703,28.3934,352.0498,202.5679
12:11:51.9482 PM,0.1863707,0.7445286,0.9895703,28.3934,352.0498,202.5679
12:11:51.9592 PM,0.1863707,0.7445286,0.9895703,28.3934,352.0498,202.5679
12:11:51.9697 PM,0.1863707,0.7445286,0.9895703,28.3934,352.0498,202.5679
12:11:51.9817 PM,0.1863707,0.7445286,0.9895703,28.3934,352.0498,202.5679
12:11:51.9922 PM,0.1863707,0.7445286,0.9895703,28.3934,352.0498,202.5679
12:11:52.0037 PM,0.1863707,0.7445286,0.9895703,28.3934,352.0498,202.5679
12:11:52.0147 PM,0.1863707,0.7445286,0.9895703,28.3934,352.0498,202.5679
12:11:52.0260 PM,0.1863707,0.7445286,0.9895703,28.3934,352.0498,202.5679
12:11:52.0366 PM,0.1863707,0.7445286,0.9895703,28.3934,352.0498,202.5679
12:11:52.0477 PM,0.1863707,0.7445286,0.9895703,28.3934,352.0498,202.5679
12:11:52.0587 PM,0.1863707,0.7445286,0.9895703,28.3934,352.0498,202.5679
12:11:52.0700 PM,0.1863707,0.7445286,0.9895703,28.3934,352.0498,202.5679
12:11:52.0809 PM,0.1863707,0.7445286,0.9895703,28.3934,352.0498,202.5679
12:11:52.0924 PM,0.1863707,0.7445286,0.9895703,28.3934,352.0498,202.5679
12:11:52.1036 PM,0.1863707,0.7445286,0.9895703,28.3934,352.0498,202.5679
12:11:52.1145 PM,0.1863707,0.7445286,0.9895703,28.3934,352.0498,202.5679
12:11:52.1256 PM,0.1863707,0.7445286,0.9895703,28.3934,352.0498,202.5679
12:11:52.1370 PM,0.1863707,0.7445286,0.9895703,28.3934,352.0498,202.5679
12:11:52.1477 PM,0.1863707,0.7445286,0.9895703,28.3934,352.0498,202.5679
12:11:52.1588 PM,0.1863707,0.7445286,0.9895703,28.3934,352.0498,202.5679
12:11:52.1697 PM,0.1863707,0.7445286,0.9895703,28.3934,352.0498,202.5679
12:11:52.1817 PM,0.1863707,0.7445286,0.9895703,28.3934,352.0498,202.5679
12:11:52.1917 PM,0.1863707,0.7445286,0.9895703,28.3934,352.0498,202.5679
12:11:52.2036 PM,0.1863707,0.7445286,0.9895703,28.3934,352.0498,202.5679
12:11:52.2147 PM,0.1863707,0.7445286,0.9895703,28.3934,352.0498,202.5679
12:11:52.2257 PM,0.1863707,0.7445286,0.9895703,28.3934,352.0498,202.5679
12:11:52.2368 PM,0.1863707,0.7445286,0.9895703,28.3934,352.0498,202.5679
12:11:52.2481 PM,0.1863707,0.7445286,0.9895703,28.3934,352.0498,202.5679
12:11:52.2587 PM,0.1863707,0.7445286,0.9895703,28.3934,352.0498,202.5679
12:11:52.2697 PM,0.1863707,0.7445286,0.9895703,28.3934,352.0498,202.5679
12:11:52.2812 PM,0.1863707,0.7445286,0.9895703,28.3934,352.0498,202.5679
12:11:52.2927 PM,0.1863707,0.7445286,0.9895703,28.3934,352.0498,202.5679
12:11:52.3035 PM,0.1863707,0.7445286,0.9895703,28.3934,352.0498,202.5679
12:11:52.3148 PM,0.1863707,0.7445286,0.9895703,28.3934,352.0498,202.5679
12:11:52.3258 PM,0.1863707,0.7445286,0.9895703,28.3934,352.0498,202.5679
12:11:52.3370 PM,0.1863707,0.7445286,0.9895703,28.3934,352.0498,202.5679
12:11:52.3477 PM,0.1863707,0.7445286,0.9895703,28.3934,352.0498,202.5679
12:11:52.3587 PM,0.1863707,0.7445286,0.9895703,28.3934,352.0498,202.5679
12:11:52.3699 PM,0.1863707,0.7445286,0.9895703,28.3934,352.0498,202.5679
12:11:52.3816 PM,0.1863707,0.7445286,0.9895703,28.3934,352.0498,202.5679
12:11:52.3926 PM,0.1863707,0.7445286,0.9895703,28.3934,352.0498,202.5679
12:11:52.4036 PM,0.1863707,0.7445286,0.9895703,28.3934,352.0498,202.5679
12:11:52.4148 PM,0.1863707,0.7445286,0.9895703,28.3934,352.0498,202.5679
12:11:52.4258 PM,0.1863707,0.7445286,0.9895703,28.3934,352.0498,202.5679
12:11:52.4368 PM,0.1863707,0.7445286,0.9895703,28.3934,352.0498,202.5679
12:11:52.4479 PM,0.1863707,0.7445286,0.9895703,28.3934,352.0498,202.5679
12:11:52.4587 PM,0.1863707,0.7445286,0.9895703,28.3934,352.0498,202.5679
12:11:52.4699 PM,0.1863707,0.7445286,0.9895703,28.3934,352.0498,202.5679
12:11:52.4809 PM,0.1863707,0.7445286,0.9895703,28.3934,352.0498,202.5679
12:11:52.4924 PM,0.1863707,0.7445286,0.9895703,28.3934,352.0498,202.5679
12:11:52.5034 PM,0.1863707,0.7445286,0.9895703,28.3934,352.0498,202.5679
12:11:52.5144 PM,0.1863707,0.7445286,0.9895703,28.3934,352.0498,202.5679
12:11:52.5256 PM,0.1863707,0.7445286,0.9895703,28.3934,352.0498,202.5679
12:11:52.5369 PM,0.1863707,0.7445286,0.9895703,28.3934,352.0498,202.5679
12:11:52.5479 PM,0.1863707,0.7445286,0.9895703,28.3934,352.0498,202.5679
12:11:52.5584 PM,0.1863707,0.7445286,0.9895703,28.3934,352.0498,202.5679
12:11:52.5696 PM,0.1863707,0.7445286,0.9895703,28.3934,352.0498,202.5679
12:11:52.5811 PM,0.1863707,0.7445286,0.9895703,28.3934,352.0498,202.5679
12:11:52.5916 PM,0.1863707,0.7445286,0.9895703,28.3934,352.0498,202.5679
12:11:52.6021 PM,0.1863707,0.7445286,0.9895703,28.3934,352.0498,202.5679
12:11:52.6136 PM,0.1863707,0.7445286,0.9895703,28.3934,352.0498,202.5679
12:11:52.6252 PM,0.1863707,0.7445286,0.9895703,28.3934,352.0498,202.5679
12:11:52.6367 PM,0.1863707,0.7445286,0.9895703,28.3934,352.0498,202.5679
12:11:52.6479 PM,0.1863707,0.7445286,0.9895703,28.3934,352.0498,202.5679
12:11:52.6587 PM,0.1863707,0.7445286,0.9895703,28.3934,352.0498,202.5679
12:11:52.6696 PM,0.1863707,0.7445286,0.9895703,28.3934,352.0498,202.5679
12:11:52.6806 PM,0.1863707,0.7445286,0.9895703,28.3934,352.0498,202.5679
12:11:52.6921 PM,0.1863707,0.7445286,0.9895703,28.3934,352.0498,202.5679
12:11:52.7036 PM,0.1863707,0.7445286,0.9895703,28.3934,352.0498,202.5679
12:11:52.7146 PM,0.1863707,0.7445286,0.9895703,28.3934,352.0498,202.5679
12:11:52.7257 PM,0.1863707,0.7445286,0.9895703,28.3934,352.0498,202.5679
12:11:52.7368 PM,0.1863707,0.7445286,0.9895703,28.3934,352.0498,202.5679
12:11:52.7472 PM,0.1863707,0.7445286,0.9895703,28.3934,352.0498,202.5679
12:11:52.7588 PM,0.1863707,0.7445286,0.9895703,28.3934,352.0498,202.5679
12:11:52.7698 PM,0.1863707,0.7445286,0.9895703,28.3934,352.0498,202.5679
12:11:52.7808 PM,0.1863707,0.7445286,0.9895703,28.3934,352.0498,202.5679
12:11:52.7916 PM,0.1863707,0.7445286,0.9895703,28.3934,352.0498,202.5679
12:11:52.8036 PM,0.1863707,0.7445286,0.9895703,28.3934,352.0498,202.5679
12:11:52.8136 PM,0.1863707,0.7445286,0.9895703,28.3934,352.0498,202.5679
12:11:52.8257 PM,0.1863707,0.7445286,0.9895703,28.3934,352.0498,202.5679
12:11:52.8366 PM,0.1863707,0.7445286,0.9895703,28.3934,352.0498,202.5679
12:11:52.8477 PM,0.1863707,0.7445286,0.9895703,28.3934,352.0498,202.5679
12:11:52.8587 PM,0.1863707,0.7445286,0.9895703,28.3934,352.0498,202.5679
12:11:52.8697 PM,0.1863707,0.7445286,0.9895703,28.3934,352.0498,202.5679
12:11:52.8807 PM,0.1863707,0.7445286,0.9895703,28.3934,352.0498,202.5679
12:11:52.8917 PM,0.1863707,0.7445286,0.9895703,28.3934,352.0498,202.5679
12:11:52.9020 PM,0.1863707,0.7445286,0.9895703,28.3934,352.0498,202.5679
12:11:52.9143 PM,0.1863707,0.7445286,0.9895703,28.3934,352.0498,202.5679
12:11:52.9256 PM,0.1863707,0.7445286,0.9895703,28.3934,352.0498,202.5679
12:11:52.9367 PM,0.1863707,0.7445286,0.9895703,28.3934,352.0498,202.5679
12:11:52.9471 PM,0.1863707,0.7445286,0.9895703,28.3934,352.0498,202.5679
12:11:52.9588 PM,0.1863707,0.7445286,0.9895703,28.3934,352.0498,202.5679
12:11:52.9698 PM,0.1863707,0.7445286,0.9895703,28.3934,352.0498,202.5679
12:11:52.9808 PM,0.1863707,0.7445286,0.9895703,28.3934,352.0498,202.5679
12:11:52.9917 PM,0.1863707,0.7445286,0.9895703,28.3934,352.0498,202.5679
12:11:53.0027 PM,0.1863707,0.7445286,0.9895703,28.3934,352.0498,202.5679
12:11:53.0137 PM,0.1863707,0.7445286,0.9895703,28.3934,352.0498,202.5679
12:11:53.0251 PM,0.1863707,0.7445286,0.9895703,28.3934,352.0498,202.5679
12:11:53.0367 PM,0.1863707,0.7445286,0.9895703,28.3934,352.0498,202.5679
12:11:53.0472 PM,0.1863707,0.7445286,0.9895703,28.3934,352.0498,202.5679
12:11:53.0587 PM,0.1863707,0.7445286,0.9895703,28.3934,352.0498,202.5679
12:11:53.0696 PM,0.1863707,0.7445286,0.9895703,28.3934,352.0498,202.5679
12:11:53.0811 PM,0.1863707,0.7445286,0.9895703,28.3934,352.0498,202.5679
12:11:53.0916 PM,0.1863707,0.7445286,0.9895703,28.3934,352.0498,202.5679
12:11:53.1026 PM,0.1863707,0.7445286,0.9895703,28.3934,352.0498,202.5679
12:11:53.1146 PM,0.1863707,0.7445286,0.9895703,28.3934,352.0498,202.5679
12:11:53.1260 PM,0.1863707,0.7445286,0.9895703,28.3934,352.0498,202.5679
12:11:53.1369 PM,0.1863707,0.7445286,0.9895703,28.3934,352.0498,202.5679
12:11:53.1477 PM,0.1863707,0.7445286,0.9895703,28.3934,352.0498,202.5679
12:11:53.1587 PM,0.1863707,0.7445286,0.9895703,28.3934,352.0498,202.5679
12:11:53.1697 PM,0.1863707,0.7445286,0.9895703,28.3934,352.0498,202.5679
12:11:53.1805 PM,0.1863707,0.7445286,0.9895703,28.3934,352.0498,202.5679
12:11:53.1917 PM,0.1863707,0.7445286,0.9895703,28.3934,352.0498,202.5679
12:11:53.2027 PM,0.1863707,0.7445286,0.9895703,28.3934,352.0498,202.5679
12:11:53.2137 PM,0.1863707,0.7445286,0.9895703,28.3934,352.0498,202.5679
12:11:53.2248 PM,0.1863707,0.7445286,0.9895703,28.3934,352.0498,202.5679
12:11:53.2366 PM,0.1863707,0.7445286,0.9895703,28.3934,352.0498,202.5679
12:11:53.2478 PM,0.1863707,0.7445286,0.9895703,28.3934,352.0498,202.5679
12:11:53.2579 PM,0.1863707,0.7445286,0.9895703,28.3934,352.0498,202.5679
12:11:53.2698 PM,0.1863707,0.7445286,0.9895703,28.3934,352.0498,202.5679
12:11:53.2802 PM,0.1863707,0.7445286,0.9895703,28.3934,352.0498,202.5679
12:11:53.2917 PM,0.1863707,0.7445286,0.9895703,28.3934,352.0498,202.5679
12:11:53.3027 PM,0.1863707,0.7445286,0.9895703,28.3934,352.0498,202.5679
12:11:53.3135 PM,0.1863707,0.7445286,0.9895703,28.3934,352.0498,202.5679
12:11:53.3246 PM,0.1863707,0.7445286,0.9895703,28.3934,352.0498,202.5679
12:11:53.3357 PM,0.1863707,0.7445286,0.9895703,28.3934,352.0498,202.5679
12:11:53.3478 PM,0.1863707,0.7445286,0.9895703,28.3934,352.0498,202.5679
12:11:53.3588 PM,0.1863707,0.7445286,0.9895703,28.3934,352.0498,202.5679
12:11:53.3698 PM,0.1863707,0.7445286,0.9895703,28.3934,352.0498,202.5679
12:11:53.3808 PM,0.1863707,0.7445286,0.9895703,28.3934,352.0498,202.5679
12:11:53.3912 PM,0.1863707,0.7445286,0.9895703,28.3934,352.0498,202.5679
12:11:53.4027 PM,0.1863707,0.7445286,0.9895703,28.3934,352.0498,202.5679
12:11:53.4135 PM,0.1863707,0.7445286,0.9895703,28.3934,352.0498,202.5679
12:11:53.4256 PM,0.1863707,0.7445286,0.9895703,28.3934,352.0498,202.5679
12:11:53.4363 PM,0.1863707,0.7445286,0.9895703,28.3934,352.0498,202.5679
12:11:53.4471 PM,0.1863707,0.7445286,0.9895703,28.3934,352.0498,202.5679
12:11:53.4587 PM,0.1863707,0.7445286,0.9895703,28.3934,352.0498,202.5679
12:11:53.4697 PM,0.1863707,0.7445286,0.9895703,28.3934,352.0498,202.5679
12:11:53.4803 PM,0.1863707,0.7445286,0.9895703,28.3934,352.0498,202.5679
12:11:53.4918 PM,0.1863707,0.7445286,0.9895703,28.3934,352.0498,202.5679
12:11:53.5028 PM,0.1863707,0.7445286,0.9895703,28.3934,352.0498,202.5679
12:11:53.5138 PM,0.1863707,0.7445286,0.9895703,28.3934,352.0498,202.5679
12:11:53.5251 PM,0.1863707,0.7445286,0.9895703,28.3934,352.0498,202.5679
12:11:53.5369 PM,0.1863707,0.7445286,0.9895703,28.3934,352.0498,202.5679
12:11:53.5480 PM,0.1863707,0.7445286,0.9895703,28.3934,352.0498,202.5679
12:11:53.5587 PM,0.1863707,0.7445286,0.9895703,28.3934,352.0498,202.5679
12:11:53.5697 PM,0.1863707,0.7445286,0.9895703,28.3934,352.0498,202.5679
12:11:53.5812 PM,0.1863707,0.7445286,0.9895703,28.3934,352.0498,202.5679
12:11:53.5917 PM,0.1863707,0.7445286,0.9895703,28.3934,352.0498,202.5679
12:11:53.6027 PM,0.1863707,0.7445286,0.9895703,28.3934,352.0498,202.5679
12:11:53.6137 PM,0.1863707,0.7445286,0.9895703,28.3934,352.0498,202.5679
12:11:53.6246 PM,0.1863707,0.7445286,0.9895703,28.3934,352.0498,202.5679
12:11:53.6366 PM,0.1863707,0.7445286,0.9895703,28.3934,352.0498,202.5679
12:11:53.6470 PM,0.1863707,0.7445286,0.9895703,28.3934,352.0498,202.5679
12:11:53.6588 PM,0.1863707,0.7445286,0.9895703,28.3934,352.0498,202.5679
12:11:53.6689 PM,0.1863707,0.7445286,0.9895703,28.3934,352.0498,202.5679
12:11:53.6804 PM,0.1863707,0.7445286,0.9895703,28.3934,352.0498,202.5679
12:11:53.6911 PM,0.1863707,0.7445286,0.9895703,28.3934,352.0498,202.5679
12:11:53.7026 PM,0.1863707,0.7445286,0.9895703,28.3934,352.0498,202.5679
12:11:53.7137 PM,0.1863707,0.7445286,0.9895703,28.3934,352.0498,202.5679
12:11:53.7247 PM,0.1863707,0.7445286,0.9895703,28.3934,352.0498,202.5679
12:11:53.7357 PM,0.1863707,0.7445286,0.9895703,28.3934,352.0498,202.5679
12:11:53.7468 PM,0.1863707,0.7445286,0.9895703,28.3934,352.0498,202.5679
12:11:53.7578 PM,0.1863707,0.7445286,0.9895703,28.3934,352.0498,202.5679
12:11:53.7688 PM,0.1863707,0.7445286,0.9895703,28.3934,352.0498,202.5679
12:11:53.7806 PM,0.1863707,0.7445286,0.9895703,28.3934,352.0498,202.5679
12:11:53.7916 PM,0.1863707,0.7445286,0.9895703,28.3934,352.0498,202.5679
12:11:53.8020 PM,0.1863707,0.7445286,0.9895703,28.3934,352.0498,202.5679
12:11:53.8138 PM,0.1863707,0.7445286,0.9895703,28.3934,352.0498,202.5679
12:11:53.8245 PM,0.1863707,0.7445286,0.9895703,28.3934,352.0498,202.5679
12:11:53.8363 PM,0.1863707,0.7445286,0.9895703,28.3934,352.0498,202.5679
12:11:53.8468 PM,0.1863707,0.7445286,0.9895703,28.3934,352.0498,202.5679
12:11:53.8578 PM,0.1863707,0.7445286,0.9895703,28.3934,352.0498,202.5679
12:11:53.8688 PM,0.1863707,0.7445286,0.9895703,28.3934,352.0498,202.5679
12:11:53.8807 PM,0.1863707,0.7445286,0.9895703,28.3934,352.0498,202.5679
12:11:53.8917 PM,0.1863707,0.7445286,0.9895703,28.3934,352.0498,202.5679
12:11:53.9024 PM,0.1863707,0.7445286,0.9895703,28.3934,352.0498,202.5679
12:11:53.9137 PM,0.1863707,0.7445286,0.9895703,28.3934,352.0498,202.5679
12:11:53.9247 PM,0.1863707,0.7445286,0.9895703,28.3934,352.0498,202.5679
12:11:53.9358 PM,0.1863707,0.7445286,0.9895703,28.3934,352.0498,202.5679
12:11:53.9478 PM,0.1863707,0.7445286,0.9895703,28.3934,352.0498,202.5679
12:11:53.9578 PM,0.1863707,0.7445286,0.9895703,28.3934,352.0498,202.5679
12:11:53.9696 PM,0.1863707,0.7445286,0.9895703,28.3934,352.0498,202.5679
12:11:53.9806 PM,0.1863707,0.7445286,0.9895703,28.3934,352.0498,202.5679
12:11:53.9916 PM,0.1863707,0.7445286,0.9895703,28.3934,352.0498,202.5679
12:11:54.0026 PM,0.1863707,0.7445286,0.9895703,28.3934,352.0498,202.5679
12:11:54.0136 PM,0.1863707,0.7445286,0.9895703,28.3934,352.0498,202.5679
12:11:54.0242 PM,0.1863707,0.7445286,0.9895703,28.3934,352.0498,202.5679
12:11:54.0357 PM,0.1863707,0.7445286,0.9895703,28.3934,352.0498,202.5679
12:11:54.0467 PM,0.1863707,0.7445286,0.9895703,28.3934,352.0498,202.5679
12:11:54.0577 PM,0.1863707,0.7445286,0.9895703,28.3934,352.0498,202.5679
12:11:54.0689 PM,0.1863707,0.7445286,0.9895703,28.3934,352.0498,202.5679
12:11:54.0797 PM,0.1863707,0.7445286,0.9895703,28.3934,352.0498,202.5679
12:11:54.0917 PM,0.1863707,0.7445286,0.9895703,28.3934,352.0498,202.5679
12:11:54.1022 PM,0.1863707,0.7445286,0.9895703,28.3934,352.0498,202.5679
12:11:54.1137 PM,0.1863707,0.7445286,0.9895703,28.3934,352.0498,202.5679
12:11:54.1248 PM,0.1863707,0.7445286,0.9895703,28.3934,352.0498,202.5679
12:11:54.1361 PM,0.1863707,0.7445286,0.9895703,28.3934,352.0498,202.5679
12:11:54.1467 PM,0.1863707,0.7445286,0.9895703,28.3934,352.0498,202.5679
12:11:54.1578 PM,0.1863707,0.7445286,0.9895703,28.3934,352.0498,202.5679
12:11:54.1688 PM,0.1863707,0.7445286,0.9895703,28.3934,352.0498,202.5679
12:11:54.1806 PM,0.1863707,0.7445286,0.9895703,28.3934,352.0498,202.5679
12:11:54.1916 PM,0.1863707,0.7445286,0.9895703,28.3934,352.0498,202.5679
12:11:54.2027 PM,0.1863707,0.7445286,0.9895703,28.3934,352.0498,202.5679
12:11:54.2137 PM,0.1863707,0.7445286,0.9895703,28.3934,352.0498,202.5679
12:11:54.2256 PM,0.1863707,0.7445286,0.9895703,28.3934,352.0498,202.5679
12:11:54.2371 PM,0.1863707,0.7445286,0.9895703,28.3934,352.0498,202.5679
12:11:54.2491 PM,0.1863707,0.7445286,0.9895703,28.3934,352.0498,202.5679
12:11:54.2596 PM,0.1863707,0.7445286,0.9895703,28.3934,352.0498,202.5679
12:11:54.2681 PM,0.1863707,0.7445286,0.9895703,28.3934,352.0498,202.5679
12:11:54.2796 PM,0.1863707,0.7445286,0.9895703,28.3934,352.0498,202.5679
12:11:54.2906 PM,0.1863707,0.7445286,0.9895703,28.3934,352.0498,202.5679
12:11:54.3016 PM,0.1863707,0.7445286,0.9895703,28.3934,352.0498,202.5679
12:11:54.3126 PM,0.1863707,0.7445286,0.9895703,28.3934,352.0498,202.5679
12:11:54.3236 PM,0.1863707,0.7445286,0.9895703,28.3934,352.0498,202.5679
12:11:54.3356 PM,0.1863707,0.7445286,0.9895703,28.3934,352.0498,202.5679
12:11:54.3466 PM,0.1863707,0.7445286,0.9895703,28.3934,352.0498,202.5679
12:11:54.3577 PM,0.1863707,0.7445286,0.9895703,28.3934,352.0498,202.5679
12:11:54.3687 PM,0.1863707,0.7445286,0.9895703,28.3934,352.0498,202.5679
12:11:54.3797 PM,0.1863707,0.7445286,0.9895703,28.3934,352.0498,202.5679
12:11:54.3907 PM,0.1863707,0.7445286,0.9895703,28.3934,352.0498,202.5679
12:11:54.4018 PM,0.1863707,0.7445286,0.9895703,28.3934,352.0498,202.5679
12:11:54.4133 PM,0.1863707,0.7445286,0.9895703,28.3934,352.0498,202.5679
12:11:54.4238 PM,0.1863707,0.7445286,0.9895703,28.3934,352.0498,202.5679
12:11:54.4344 PM,0.1863707,0.7445286,0.9895703,28.3934,352.0498,202.5679
12:11:54.4461 PM,0.1863707,0.7445286,0.9895703,28.3934,352.0498,202.5679
12:11:54.4577 PM,0.1863707,0.7445286,0.9895703,28.3934,352.0498,202.5679
12:11:54.4687 PM,0.1863707,0.7445286,0.9895703,28.3934,352.0498,202.5679
12:11:54.4797 PM,0.1863707,0.7445286,0.9895703,28.3934,352.0498,202.5679
12:11:54.4907 PM,0.1863707,0.7445286,0.9895703,28.3934,352.0498,202.5679
12:11:54.5021 PM,0.1863707,0.7445286,0.9895703,28.3934,352.0498,202.5679
12:11:54.5126 PM,0.1863707,0.7445286,0.9895703,28.3934,352.0498,202.5679
12:11:54.5237 PM,0.1863707,0.7445286,0.9895703,28.3934,352.0498,202.5679
12:11:54.5348 PM,0.1863707,0.7445286,0.9895703,28.3934,352.0498,202.5679
12:11:54.5466 PM,0.1863707,0.7445286,0.9895703,28.3934,352.0498,202.5679
12:11:54.5567 PM,0.1863707,0.7445286,0.9895703,28.3934,352.0498,202.5679
12:11:54.5687 PM,0.1863707,0.7445286,0.9895703,28.3934,352.0498,202.5679
12:11:54.5799 PM,0.1863707,0.7445286,0.9895703,28.3934,352.0498,202.5679
12:11:54.5908 PM,0.1863707,0.7445286,0.9895703,28.3934,352.0498,202.5679
12:11:54.6020 PM,0.1863707,0.7445286,0.9895703,28.3934,352.0498,202.5679
12:11:54.6125 PM,0.1863707,0.7445286,0.9895703,28.3934,352.0498,202.5679
12:11:54.6236 PM,0.1863707,0.7445286,0.9895703,28.3934,352.0498,202.5679
12:11:54.6356 PM,0.1863707,0.7445286,0.9895703,28.3934,352.0498,202.5679
12:11:54.6464 PM,0.1863707,0.7445286,0.9895703,28.3934,352.0498,202.5679
12:11:54.6578 PM,0.1863707,0.7445286,0.9895703,28.3934,352.0498,202.5679
12:11:54.6689 PM,0.1863707,0.7445286,0.9895703,28.3934,352.0498,202.5679
12:11:54.6797 PM,0.1863707,0.7445286,0.9895703,28.3934,352.0498,202.5679
12:11:54.6907 PM,0.1863707,0.7445286,0.9895703,28.3934,352.0498,202.5679
12:11:54.7017 PM,0.1863707,0.7445286,0.9895703,28.3934,352.0498,202.5679
12:11:54.7137 PM,0.1863707,0.7445286,0.9895703,28.3934,352.0498,202.5679
12:11:54.7247 PM,0.1863707,0.7445286,0.9895703,28.3934,352.0498,202.5679
12:11:54.7359 PM,0.1863707,0.7445286,0.9895703,28.3934,352.0498,202.5679
12:11:54.7465 PM,0.1863707,0.7445286,0.9895703,28.3934,352.0498,202.5679
12:11:54.7578 PM,0.1863707,0.7445286,0.9895703,28.3934,352.0498,202.5679
12:11:54.7688 PM,0.1863707,0.7445286,0.9895703,28.3934,352.0498,202.5679
12:11:54.7801 PM,0.1863707,0.7445286,0.9895703,28.3934,352.0498,202.5679
12:11:54.7906 PM,0.1863707,0.7445286,0.9895703,28.3934,352.0498,202.5679
12:11:54.8026 PM,0.1863707,0.7445286,0.9895703,28.3934,352.0498,202.5679
12:11:54.8135 PM,0.1863707,0.7445286,0.9895703,28.3934,352.0498,202.5679
12:11:54.8247 PM,0.1863707,0.7445286,0.9895703,28.3934,352.0498,202.5679
12:11:54.8357 PM,0.1863707,0.7445286,0.9895703,28.3934,352.0498,202.5679
12:11:54.8468 PM,0.1863707,0.7445286,0.9895703,28.3934,352.0498,202.5679
12:11:54.8577 PM,0.1863707,0.7445286,0.9895703,28.3934,352.0498,202.5679
12:11:54.8690 PM,0.1863707,0.7445286,0.9895703,28.3934,352.0498,202.5679
12:11:54.8797 PM,0.1863707,0.7445286,0.9895703,28.3934,352.0498,202.5679
12:11:54.8907 PM,0.1863707,0.7445286,0.9895703,28.3934,352.0498,202.5679
12:11:54.9017 PM,0.1863707,0.7445286,0.9895703,28.3934,352.0498,202.5679
12:11:54.9122 PM,0.1863707,0.7445286,0.9895703,28.3934,352.0498,202.5679
12:11:54.9237 PM,0.1863707,0.7445286,0.9895703,28.3934,352.0498,202.5679
12:11:54.9351 PM,0.1863707,0.7445286,0.9895703,28.3934,352.0498,202.5679
12:11:54.9468 PM,0.1863707,0.7445286,0.9895703,28.3934,352.0498,202.5679
12:11:54.9578 PM,0.1863707,0.7445286,0.9895703,28.3934,352.0498,202.5679
12:11:54.9688 PM,0.1863707,0.7445286,0.9895703,28.3934,352.0498,202.5679
12:11:54.9798 PM,0.1863707,0.7445286,0.9895703,28.3934,352.0498,202.5679
12:11:54.9908 PM,0.1863707,0.7445286,0.9895703,28.3934,352.0498,202.5679
12:11:55.0017 PM,0.1863707,0.7445286,0.9895703,28.3934,352.0498,202.5679
12:11:55.0122 PM,0.1863707,0.7445286,0.9895703,28.3934,352.0498,202.5679
12:11:55.0237 PM,0.1863707,0.7445286,0.9895703,28.3934,352.0498,202.5679
12:11:55.0356 PM,0.1863707,0.7445286,0.9895703,28.3934,352.0498,202.5679
12:11:55.0467 PM,0.1863707,0.7445286,0.9895703,28.3934,352.0498,202.5679
12:11:55.0577 PM,0.1863707,0.7445286,0.9895703,28.3934,352.0498,202.5679
12:11:55.0687 PM,0.1863707,0.7445286,0.9895703,28.3934,352.0498,202.5679
12:11:55.0802 PM,0.1863707,0.7445286,0.9895703,28.3934,352.0498,202.5679
12:11:55.0907 PM,0.1863707,0.7445286,0.9895703,28.3934,352.0498,202.5679
12:11:55.1017 PM,0.1863707,0.7445286,0.9895703,28.3934,352.0498,202.5679
12:11:55.1127 PM,0.1863707,0.7445286,0.9895703,28.3934,352.0498,202.5679
12:11:55.1246 PM,0.1863707,0.7445286,0.9895703,28.3934,352.0498,202.5679
12:11:55.1357 PM,0.1863707,0.7445286,0.9895703,28.3934,352.0498,202.5679
12:11:55.1458 PM,0.1863707,0.7445286,0.9895703,28.3934,352.0498,202.5679
12:11:55.1579 PM,0.1863707,0.7445286,0.9895703,28.3934,352.0498,202.5679
12:11:55.1686 PM,0.1863707,0.7445286,0.9895703,28.3934,352.0498,202.5679
12:11:55.1797 PM,0.1863707,0.7445286,0.9895703,28.3934,352.0498,202.5679
12:11:55.1911 PM,0.1863707,0.7445286,0.9895703,28.3934,352.0498,202.5679
12:11:55.2016 PM,0.1863707,0.7445286,0.9895703,28.3934,352.0498,202.5679
12:11:55.2121 PM,0.1863707,0.7445286,0.9895703,28.3934,352.0498,202.5679
12:11:55.2236 PM,0.1863707,0.7445286,0.9895703,28.3934,352.0498,202.5679
12:11:55.2347 PM,0.1863707,0.7445286,0.9895703,28.3934,352.0498,202.5679
12:11:55.2468 PM,0.1863707,0.7445286,0.9895703,28.3934,352.0498,202.5679
12:11:55.2578 PM,0.1863707,0.7445286,0.9895703,28.3934,352.0498,202.5679
12:11:55.2690 PM,0.1863707,0.7445286,0.9895703,28.3934,352.0498,202.5679
12:11:55.2798 PM,0.1863707,0.7445286,0.9895703,28.3934,352.0498,202.5679
12:11:55.2904 PM,0.1863707,0.7445286,0.9895703,28.3934,352.0498,202.5679
12:11:55.3014 PM,0.1863707,0.7445286,0.9895703,28.3934,352.0498,202.5679
12:11:55.3134 PM,0.1863707,0.7445286,0.9895703,28.3934,352.0498,202.5679
12:11:55.3244 PM,0.1863707,0.7445286,0.9895703,28.3934,352.0498,202.5679
12:11:55.3348 PM,0.1863707,0.7445286,0.9895703,28.3934,352.0498,202.5679
12:11:55.3467 PM,0.1863707,0.7445286,0.9895703,28.3934,352.0498,202.5679
12:11:55.3578 PM,0.1863707,0.7445286,0.9895703,28.3934,352.0498,202.5679
12:11:55.3688 PM,0.1863707,0.7445286,0.9895703,28.3934,352.0498,202.5679
12:11:55.3800 PM,0.1863707,0.7445286,0.9895703,28.3934,352.0498,202.5679
12:11:55.3909 PM,0.1863707,0.7445286,0.9895703,28.3934,352.0498,202.5679
12:11:55.4017 PM,0.1863707,0.7445286,0.9895703,28.3934,352.0498,202.5679
12:11:55.4127 PM,0.1863707,0.7445286,0.9895703,28.3934,352.0498,202.5679
12:11:55.4236 PM,0.1863707,0.7445286,0.9895703,28.3934,352.0498,202.5679
12:11:55.4356 PM,0.1863707,0.7445286,0.9895703,28.3934,352.0498,202.5679
12:11:55.4468 PM,0.1863707,0.7445286,0.9895703,28.3934,352.0498,202.5679
12:11:55.4573 PM,0.1863707,0.7445286,0.9895703,28.3934,352.0498,202.5679
12:11:55.4688 PM,0.1863707,0.7445286,0.9895703,28.3934,352.0498,202.5679
12:11:55.4793 PM,0.1863707,0.7445286,0.9895703,28.3934,352.0498,202.5679
12:11:55.4908 PM,0.1863707,0.7445286,0.9895703,28.3934,352.0498,202.5679
12:11:55.5018 PM,0.1863707,0.7445286,0.9895703,28.3934,352.0498,202.5679
12:11:55.5134 PM,0.1863707,0.7445286,0.9895703,28.3934,352.0498,202.5679
12:11:55.5244 PM,0.1863707,0.7445286,0.9895703,28.3934,352.0498,202.5679
12:11:55.5356 PM,0.1863707,0.7445286,0.9895703,28.3934,352.0498,202.5679
12:11:55.5467 PM,0.1863707,0.7445286,0.9895703,28.3934,352.0498,202.5679
12:11:55.5577 PM,0.1863707,0.7445286,0.9895703,28.3934,352.0498,202.5679
12:11:55.5686 PM,0.1863707,0.7445286,0.9895703,28.3934,352.0498,202.5679
12:11:55.5797 PM,0.1863707,0.7445286,0.9895703,28.3934,352.0498,202.5679
12:11:55.5907 PM,0.1863707,0.7445286,0.9895703,28.3934,352.0498,202.5679
12:11:55.6022 PM,0.1863707,0.7445286,0.9895703,28.3934,352.0498,202.5679
12:11:55.6127 PM,0.1863707,0.7445286,0.9895703,28.3934,352.0498,202.5679
12:11:55.6238 PM,0.1863707,0.7445286,0.9895703,28.3934,352.0498,202.5679
12:11:55.6358 PM,0.1863707,0.7445286,0.9895703,28.3934,352.0498,202.5679
12:11:55.6476 PM,0.1863707,0.7445286,0.9895703,28.3934,352.0498,202.5679
12:11:55.6577 PM,0.1863707,0.7445286,0.9895703,28.3934,352.0498,202.5679
12:11:55.6676 PM,0.1863707,0.7445286,0.9895703,28.3934,352.0498,202.5679
12:11:55.6789 PM,0.1863707,0.7445286,0.9895703,28.3934,352.0498,202.5679
12:11:55.6908 PM,0.1863707,0.7445286,0.9895703,28.3934,352.0498,202.5679
12:11:55.7013 PM,0.1863707,0.7445286,0.9895703,28.3934,352.0498,202.5679
12:11:55.7118 PM,0.1863707,0.7445286,0.9895703,28.3934,352.0498,202.5679
12:11:55.7238 PM,0.1863707,0.7445286,0.9895703,28.3934,352.0498,202.5679
12:11:55.7343 PM,0.1863707,0.7445286,0.9895703,28.3934,352.0498,202.5679
12:11:55.7458 PM,0.1863707,0.7445286,0.9895703,28.3934,352.0498,202.5679
12:11:55.7568 PM,0.1863707,0.7445286,0.9895703,28.3934,352.0498,202.5679
12:11:55.7679 PM,0.1863707,0.7445286,0.9895703,28.3934,352.0498,202.5679
12:11:55.7787 PM,0.1863707,0.7445286,0.9895703,28.3934,352.0498,202.5679
12:11:55.7897 PM,0.1863707,0.7445286,0.9895703,28.3934,352.0498,202.5679
12:11:55.8009 PM,0.1863707,0.7445286,0.9895703,28.3934,352.0498,202.5679
12:11:55.8124 PM,0.1863707,0.7445286,0.9895703,28.3934,352.0498,202.5679
12:11:55.8236 PM,0.1863707,0.7445286,0.9895703,28.3934,352.0498,202.5679
12:11:55.8344 PM,0.1863707,0.7445286,0.9895703,28.3934,352.0498,202.5679
12:11:55.8458 PM,0.1863707,0.7445286,0.9895703,28.3934,352.0498,202.5679
12:11:55.8568 PM,0.1863707,0.7445286,0.9895703,28.3934,352.0498,202.5679
12:11:55.8682 PM,0.1863707,0.7445286,0.9895703,28.3934,352.0498,202.5679
12:11:55.8792 PM,0.1863707,0.7445286,0.9895703,28.3934,352.0498,202.5679
12:11:55.8901 PM,0.1863707,0.7445286,0.9895703,28.3934,352.0498,202.5679
12:11:55.9007 PM,0.1863707,0.7445286,0.9895703,28.3934,352.0498,202.5679
12:11:55.9122 PM,0.1863707,0.7445286,0.9895703,28.3934,352.0498,202.5679
12:11:55.9227 PM,0.1863707,0.7445286,0.9895703,28.3934,352.0498,202.5679
12:11:55.9346 PM,0.1863707,0.7445286,0.9895703,28.3934,352.0498,202.5679
12:11:55.9456 PM,0.1863707,0.7445286,0.9895703,28.3934,352.0498,202.5679
12:11:55.9567 PM,0.1863707,0.7445286,0.9895703,28.3934,352.0498,202.5679
12:11:55.9682 PM,0.1863707,0.7445286,0.9895703,28.3934,352.0498,202.5679
12:11:55.9792 PM,0.1863707,0.7445286,0.9895703,28.3934,352.0498,202.5679
12:11:55.9896 PM,0.1863707,0.7445286,0.9895703,28.3934,352.0498,202.5679
12:11:56.0007 PM,0.1863707,0.7445286,0.9895703,28.3934,352.0498,202.5679
12:11:56.0117 PM,0.1863707,0.7445286,0.9895703,28.3934,352.0498,202.5679
12:11:56.0238 PM,0.1863707,0.7445286,0.9895703,28.3934,352.0498,202.5679
12:11:56.0344 PM,0.1863707,0.7445286,0.9895703,28.3934,352.0498,202.5679
12:11:56.0459 PM,0.1863707,0.7445286,0.9895703,28.3934,352.0498,202.5679
12:11:56.0567 PM,0.1863707,0.7445286,0.9895703,28.3934,352.0498,202.5679
12:11:56.0678 PM,0.1863707,0.7445286,0.9895703,28.3934,352.0498,202.5679
12:11:56.0790 PM,0.1863707,0.7445286,0.9895703,28.3934,352.0498,202.5679
12:11:56.0906 PM,0.1863707,0.7445286,0.9895703,28.3934,352.0498,202.5679
12:11:56.1016 PM,0.1863707,0.7445286,0.9895703,28.3934,352.0498,202.5679
12:11:56.1126 PM,0.1863707,0.7445286,0.9895703,28.3934,352.0498,202.5679
12:11:56.1235 PM,0.1863707,0.7445286,0.9895703,28.3934,352.0498,202.5679
12:11:56.1346 PM,0.1863707,0.7445286,0.9895703,28.3934,352.0498,202.5679
12:11:56.1453 PM,0.1863707,0.7445286,0.9895703,28.3934,352.0498,202.5679
12:11:56.1568 PM,0.1863707,0.7445286,0.9895703,28.3934,352.0498,202.5679
12:11:56.1677 PM,0.1863707,0.7445286,0.9895703,28.3934,352.0498,202.5679
12:11:56.1797 PM,0.1863707,0.7445286,0.9895703,28.3934,352.0498,202.5679
12:11:56.1907 PM,0.1863707,0.7445286,0.9895703,28.3934,352.0498,202.5679
12:11:56.2017 PM,0.1863707,0.7445286,0.9895703,28.3934,352.0498,202.5679
12:11:56.2127 PM,0.1863707,0.7445286,0.9895703,28.3934,352.0498,202.5679
12:11:56.2237 PM,0.1863707,0.7445286,0.9895703,28.3934,352.0498,202.5679
12:11:56.2348 PM,0.1863707,0.7445286,0.9895703,28.3934,352.0498,202.5679
12:11:56.2456 PM,0.1863707,0.7445286,0.9895703,28.3934,352.0498,202.5679
12:11:56.2568 PM,0.1863707,0.7445286,0.9895703,28.3934,352.0498,202.5679
12:11:56.2683 PM,0.1863707,0.7445286,0.9895703,28.3934,352.0498,202.5679
12:11:56.2791 PM,0.1863707,0.7445286,0.9895703,28.3934,352.0498,202.5679
12:11:56.2906 PM,0.1863707,0.7445286,0.9895703,28.3934,352.0498,202.5679
12:11:56.3016 PM,0.1863707,0.7445286,0.9895703,28.3934,352.0498,202.5679
12:11:56.3126 PM,0.1863707,0.7445286,0.9895703,28.3934,352.0498,202.5679
12:11:56.3237 PM,0.1863707,0.7445286,0.9895703,28.3934,352.0498,202.5679
12:11:56.3346 PM,0.1863707,0.7445286,0.9895703,28.3934,352.0498,202.5679
12:11:56.3459 PM,0.1863707,0.7445286,0.9895703,28.3934,352.0498,202.5679
12:11:56.3577 PM,0.1863707,0.7445286,0.9895703,28.3934,352.0498,202.5679
12:11:56.3677 PM,0.1863707,0.7445286,0.9895703,28.3934,352.0498,202.5679
12:11:56.3790 PM,0.1863707,0.7445286,0.9895703,28.3934,352.0498,202.5679
12:11:56.3897 PM,0.1863707,0.7445286,0.9895703,28.3934,352.0498,202.5679
12:11:56.4017 PM,0.1863707,0.7445286,0.9895703,28.3934,352.0498,202.5679
12:11:56.4127 PM,0.1863707,0.7445286,0.9895703,28.3934,352.0498,202.5679
12:11:56.4238 PM,0.1863707,0.7445286,0.9895703,28.3934,352.0498,202.5679
12:11:56.4353 PM,0.1863707,0.7445286,0.9895703,28.3934,352.0498,202.5679
12:11:56.4458 PM,0.1863707,0.7445286,0.9895703,28.3934,352.0498,202.5679
12:11:56.4568 PM,0.1863707,0.7445286,0.9895703,28.3934,352.0498,202.5679
12:11:56.4683 PM,0.1863707,0.7445286,0.9895703,28.3934,352.0498,202.5679
12:11:56.4792 PM,0.1863707,0.7445286,0.9895703,28.3934,352.0498,202.5679
12:11:56.4907 PM,0.1863707,0.7445286,0.9895703,28.3934,352.0498,202.5679
12:11:56.5017 PM,0.1863707,0.7445286,0.9895703,28.3934,352.0498,202.5679
12:11:56.5128 PM,0.1863707,0.7445286,0.9895703,28.3934,352.0498,202.5679
12:11:56.5238 PM,0.1863707,0.7445286,0.9895703,28.3934,352.0498,202.5679
12:11:56.5351 PM,0.1863707,0.7445286,0.9895703,28.3934,352.0498,202.5679
12:11:56.5452 PM,0.1863707,0.7445286,0.9895703,28.3934,352.0498,202.5679
12:11:56.5568 PM,0.1863707,0.7445286,0.9895703,28.3934,352.0498,202.5679
12:11:56.5677 PM,0.1863707,0.7445286,0.9895703,28.3934,352.0498,202.5679
12:11:56.5797 PM,0.1863707,0.7445286,0.9895703,28.3934,352.0498,202.5679
12:11:56.5903 PM,0.1863707,0.7445286,0.9895703,28.3934,352.0498,202.5679
12:11:56.6018 PM,0.1863707,0.7445286,0.9895703,28.3934,352.0498,202.5679
12:11:56.6123 PM,0.1863707,0.7445286,0.9895703,28.3934,352.0498,202.5679
12:11:56.6235 PM,0.1863707,0.7445286,0.9895703,28.3934,352.0498,202.5679
12:11:56.6341 PM,0.1863707,0.7445286,0.9895703,28.3934,352.0498,202.5679
12:11:56.6461 PM,0.1863707,0.7445286,0.9895703,28.3934,352.0498,202.5679
12:11:56.6566 PM,0.1863707,0.7445286,0.9895703,28.3934,352.0498,202.5679
12:11:56.6677 PM,0.1863707,0.7445286,0.9895703,28.3934,352.0498,202.5679
12:11:56.6791 PM,0.1863707,0.7445286,0.9895703,28.3934,352.0498,202.5679
12:11:56.6908 PM,0.1863707,0.7445286,0.9895703,28.3934,352.0498,202.5679
12:11:56.7020 PM,0.1863707,0.7445286,0.9895703,28.3934,352.0498,202.5679
12:11:56.7125 PM,0.1863707,0.7445286,0.9895703,28.3934,352.0498,202.5679
12:11:56.7236 PM,0.1863707,0.7445286,0.9895703,28.3934,352.0498,202.5679
12:11:56.7351 PM,0.1863707,0.7445286,0.9895703,28.3934,352.0498,202.5679
12:11:56.7457 PM,0.1863707,0.7445286,0.9895703,28.3934,352.0498,202.5679
12:11:56.7566 PM,0.1863707,0.7445286,0.9895703,28.3934,352.0498,202.5679
12:11:56.7680 PM,0.1863707,0.7445286,0.9895703,28.3934,352.0498,202.5679
12:11:56.7796 PM,0.1863707,0.7445286,0.9895703,28.3934,352.0498,202.5679
12:11:56.7900 PM,0.1863707,0.7445286,0.9895703,28.3934,352.0498,202.5679
12:11:56.8009 PM,0.1863707,0.7445286,0.9895703,28.3934,352.0498,202.5679
12:11:56.8126 PM,0.1863707,0.7445286,0.9895703,28.3934,352.0498,202.5679
12:11:56.8236 PM,0.1863707,0.7445286,0.9895703,28.3934,352.0498,202.5679
12:11:56.8346 PM,0.1863707,0.7445286,0.9895703,28.3934,352.0498,202.5679
12:11:56.8461 PM,0.1863707,0.7445286,0.9895703,28.3934,352.0498,202.5679
12:11:56.8567 PM,0.1863707,0.7445286,0.9895703,28.3934,352.0498,202.5679
12:11:56.8677 PM,0.1863707,0.7445286,0.9895703,28.3934,352.0498,202.5679
12:11:56.8787 PM,0.1863707,0.7445286,0.9895703,28.3934,352.0498,202.5679
12:11:56.8906 PM,0.1863707,0.7445286,0.9895703,28.3934,352.0498,202.5679
12:11:56.9010 PM,0.1863707,0.7445286,0.9895703,28.3934,352.0498,202.5679
12:11:56.9126 PM,0.1863707,0.7445286,0.9895703,28.3934,352.0498,202.5679
12:11:56.9236 PM,0.1863707,0.7445286,0.9895703,28.3934,352.0498,202.5679
12:11:56.9341 PM,0.1863707,0.7445286,0.9895703,28.3934,352.0498,202.5679
12:11:56.9459 PM,0.1863707,0.7445286,0.9895703,28.3934,352.0498,202.5679
12:11:56.9567 PM,0.1863707,0.7445286,0.9895703,28.3934,352.0498,202.5679
12:11:56.9679 PM,0.1863707,0.7445286,0.9895703,28.3934,352.0498,202.5679
12:11:56.9796 PM,0.1863707,0.7445286,0.9895703,28.3934,352.0498,202.5679
12:11:56.9901 PM,0.1863707,0.7445286,0.9895703,28.3934,352.0498,202.5679
12:11:57.0016 PM,0.1863707,0.7445286,0.9895703,28.3934,352.0498,202.5679
12:11:57.0121 PM,0.1863707,0.7445286,0.9895703,28.3934,352.0498,202.5679
12:11:57.0237 PM,0.1863707,0.7445286,0.9895703,28.3934,352.0498,202.5679
12:11:57.0347 PM,0.1863707,0.7445286,0.9895703,28.3934,352.0498,202.5679
12:11:57.0458 PM,0.1863707,0.7445286,0.9895703,28.3934,352.0498,202.5679
12:11:57.0568 PM,0.1863707,0.7445286,0.9895703,28.3934,352.0498,202.5679
12:11:57.0681 PM,0.1863707,0.7445286,0.9895703,28.3934,352.0498,202.5679
12:11:57.0787 PM,0.1863707,0.7445286,0.9895703,28.3934,352.0498,202.5679
12:11:57.0906 PM,0.1863707,0.7445286,0.9895703,28.3934,352.0498,202.5679
12:11:57.1016 PM,0.1863707,0.7445286,0.9895703,28.3934,352.0498,202.5679
12:11:57.1120 PM,0.1863707,0.7445286,0.9895703,28.3934,352.0498,202.5679
12:11:57.1235 PM,0.1863707,0.7445286,0.9895703,28.3934,352.0498,202.5679
12:11:57.1341 PM,0.1863707,0.7445286,0.9895703,28.3934,352.0498,202.5679
12:11:57.1458 PM,0.1863707,0.7445286,0.9895703,28.3934,352.0498,202.5679
12:11:57.1568 PM,0.1863707,0.7445286,0.9895703,28.3934,352.0498,202.5679
12:11:57.1678 PM,0.1863707,0.7445286,0.9895703,28.3934,352.0498,202.5679
12:11:57.1790 PM,0.1863707,0.7445286,0.9895703,28.3934,352.0498,202.5679
12:11:57.1896 PM,0.1863707,0.7445286,0.9895703,28.3934,352.0498,202.5679
12:11:57.2011 PM,0.1863707,0.7445286,0.9895703,28.3934,352.0498,202.5679
12:11:57.2126 PM,0.1863707,0.7445286,0.9895703,28.3934,352.0498,202.5679
12:11:57.2236 PM,0.1863707,0.7445286,0.9895703,28.3934,352.0498,202.5679
12:11:57.2346 PM,0.1863707,0.7445286,0.9895703,28.3934,352.0498,202.5679
12:11:57.2458 PM,0.1863707,0.7445286,0.9895703,28.3934,352.0498,202.5679
12:11:57.2568 PM,0.1863707,0.7445286,0.9895703,28.3934,352.0498,202.5679
12:11:57.2678 PM,0.1863707,0.7445286,0.9895703,28.3934,352.0498,202.5679
12:11:57.2791 PM,0.1863707,0.7445286,0.9895703,28.3934,352.0498,202.5679
12:11:57.2897 PM,0.1863707,0.7445286,0.9895703,28.3934,352.0498,202.5679
12:11:57.3012 PM,0.1863707,0.7445286,0.9895703,28.3934,352.0498,202.5679
12:11:57.3117 PM,0.1863707,0.7445286,0.9895703,28.3934,352.0498,202.5679
12:11:57.3222 PM,0.1863707,0.7445286,0.9895703,28.3934,352.0498,202.5679
12:11:57.3337 PM,0.1863707,0.7445286,0.9895703,28.3934,352.0498,202.5679
12:11:57.3455 PM,0.1863707,0.7445286,0.9895703,28.3934,352.0498,202.5679
12:11:57.3566 PM,0.1863707,0.7445286,0.9895703,28.3934,352.0498,202.5679
12:11:57.3677 PM,0.1863707,0.7445286,0.9895703,28.3934,352.0498,202.5679
12:11:57.3786 PM,0.1863707,0.7445286,0.9895703,28.3934,352.0498,202.5679
12:11:57.3901 PM,0.1863707,0.7445286,0.9895703,28.3934,352.0498,202.5679
12:11:57.4011 PM,0.1863707,0.7445286,0.9895703,28.3934,352.0498,202.5679
12:11:57.4116 PM,0.1863707,0.7445286,0.9895703,28.3934,352.0498,202.5679
12:11:57.4238 PM,0.1863707,0.7445286,0.9895703,28.3934,352.0498,202.5679
12:11:57.4348 PM,0.1863707,0.7445286,0.9895703,28.3934,352.0498,202.5679
12:11:57.4455 PM,0.1863707,0.7445286,0.9895703,28.3934,352.0498,202.5679
12:11:57.4569 PM,0.1863707,0.7445286,0.9895703,28.3934,352.0498,202.5679
12:11:57.4675 PM,0.1863707,0.7445286,0.9895703,28.3934,352.0498,202.5679
12:11:57.4786 PM,0.1863707,0.7445286,0.9895703,28.3934,352.0498,202.5679
12:11:57.4896 PM,0.1863707,0.7445286,0.9895703,28.3934,352.0498,202.5679
12:11:57.5010 PM,0.1863707,0.7445286,0.9895703,28.3934,352.0498,202.5679
12:11:57.5115 PM,0.1863707,0.7445286,0.9895703,28.3934,352.0498,202.5679
12:11:57.5235 PM,0.1863707,0.7445286,0.9895703,28.3934,352.0498,202.5679
12:11:57.5336 PM,0.1863707,0.7445286,0.9895703,28.3934,352.0498,202.5679
12:11:57.5455 PM,0.1863707,0.7445286,0.9895703,28.3934,352.0498,202.5679
12:11:57.5567 PM,0.1863707,0.7445286,0.9895703,28.3934,352.0498,202.5679
12:11:57.5678 PM,0.1863707,0.7445286,0.9895703,28.3934,352.0498,202.5679
12:11:57.5791 PM,0.1863707,0.7445286,0.9895703,28.3934,352.0498,202.5679
12:11:57.5896 PM,0.1863707,0.7445286,0.9895703,28.3934,352.0498,202.5679
12:11:57.6006 PM,0.1863707,0.7445286,0.9895703,28.3934,352.0498,202.5679
12:11:57.6120 PM,0.1863707,0.7445286,0.9895703,28.3934,352.0498,202.5679
12:11:57.6236 PM,0.1863707,0.7445286,0.9895703,28.3934,352.0498,202.5679
12:11:57.6346 PM,0.1863707,0.7445286,0.9895703,28.3934,352.0498,202.5679
12:11:57.6456 PM,0.1863707,0.7445286,0.9895703,28.3934,352.0498,202.5679
12:11:57.6566 PM,0.1863707,0.7445286,0.9895703,28.3934,352.0498,202.5679
12:11:57.6677 PM,0.1863707,0.7445286,0.9895703,28.3934,352.0498,202.5679
12:11:57.6792 PM,0.1863707,0.7445286,0.9895703,28.3934,352.0498,202.5679
12:11:57.6901 PM,0.1863707,0.7445286,0.9895703,28.3934,352.0498,202.5679
12:11:57.7011 PM,0.1863707,0.7445286,0.9895703,28.3934,352.0498,202.5679
12:11:57.7116 PM,0.1863707,0.7445286,0.9895703,28.3934,352.0498,202.5679
12:11:57.7221 PM,0.1863707,0.7445286,0.9895703,28.3934,352.0498,202.5679
12:11:57.7346 PM,0.1863707,0.7445286,0.9895703,28.3934,352.0498,202.5679
12:11:57.7517 PM,0.1863707,0.7445286,0.9895703,28.3934,352.0498,202.5679
12:11:57.7577 PM,0.1863707,0.7445286,0.9895703,28.3934,352.0498,202.5679
12:11:57.7647 PM,0.1863707,0.7445286,0.9895703,28.3934,352.0498,202.5679
12:11:57.7737 PM,0.1863707,0.7445286,0.9895703,28.3934,352.0498,202.5679
12:11:57.7852 PM,0.1863707,0.7445286,0.9895703,28.3934,352.0498,202.5679
12:11:57.7961 PM,0.1863707,0.7445286,0.9895703,28.3934,352.0498,202.5679
12:11:57.8076 PM,0.1863707,0.7445286,0.9895703,28.3934,352.0498,202.5679
12:11:57.8186 PM,0.1863707,0.7445286,0.9895703,28.3934,352.0498,202.5679
12:11:57.8301 PM,0.1863707,0.7445286,0.9895703,28.3934,352.0498,202.5679
12:11:57.8411 PM,0.1863707,0.7445286,0.9895703,28.3934,352.0498,202.5679
12:11:57.8517 PM,0.1863707,0.7445286,0.9895703,28.3934,352.0498,202.5679
12:11:57.8628 PM,0.1863707,0.7445286,0.9895703,28.3934,352.0498,202.5679
12:11:57.8748 PM,0.1863707,0.7445286,0.9895703,28.3934,352.0498,202.5679
12:11:57.8851 PM,0.1863707,0.7445286,0.9895703,28.3934,352.0498,202.5679
12:11:57.8966 PM,0.1863707,0.7445286,0.9895703,28.3934,352.0498,202.5679
12:11:57.9076 PM,0.1863707,0.7445286,0.9895703,28.3934,352.0498,202.5679
12:11:57.9187 PM,0.1863707,0.7445286,0.9895703,28.3934,352.0498,202.5679
12:11:57.9297 PM,0.1863707,0.7445286,0.9895703,28.3934,352.0498,202.5679
12:11:57.9399 PM,0.1863707,0.7445286,0.9895703,28.3934,352.0498,202.5679
12:11:57.9514 PM,0.1863707,0.7445286,0.9895703,28.3934,352.0498,202.5679
12:11:57.9634 PM,0.1863707,0.7445286,0.9895703,28.3934,352.0498,202.5679
12:11:57.9736 PM,0.1863707,0.7445286,0.9895703,28.3934,352.0498,202.5679
12:11:57.9856 PM,0.1863707,0.7445286,0.9895703,28.3934,352.0498,202.5679
12:11:57.9966 PM,0.1863707,0.7445286,0.9895703,28.3934,352.0498,202.5679
12:11:58.0078 PM,0.1863707,0.7445286,0.9895703,28.3934,352.0498,202.5679
12:11:58.0179 PM,0.1863707,0.7445286,0.9895703,28.3934,352.0498,202.5679
12:11:58.0296 PM,0.1863707,0.7445286,0.9895703,28.3934,352.0498,202.5679
12:11:58.0407 PM,0.1863707,0.7445286,0.9895703,28.3934,352.0498,202.5679
12:11:58.0517 PM,0.1863707,0.7445286,0.9895703,28.3934,352.0498,202.5679
12:11:58.0621 PM,0.1863707,0.7445286,0.9895703,28.3934,352.0498,202.5679
12:11:58.0737 PM,0.1863707,0.7445286,0.9895703,28.3934,352.0498,202.5679
12:11:58.0850 PM,0.1863707,0.7445286,0.9895703,28.3934,352.0498,202.5679
12:11:58.0966 PM,0.1863707,0.7445286,0.9895703,28.3934,352.0498,202.5679
12:11:58.1077 PM,0.1863707,0.7445286,0.9895703,28.3934,352.0498,202.5679
12:11:58.1187 PM,0.1863707,0.7445286,0.9895703,28.3934,352.0498,202.5679
12:11:58.1302 PM,0.1863707,0.7445286,0.9895703,28.3934,352.0498,202.5679
12:11:58.1417 PM,0.1863707,0.7445286,0.9895703,28.3934,352.0498,202.5679
12:11:58.1519 PM,0.1863707,0.7445286,0.9895703,28.3934,352.0498,202.5679
12:11:58.1646 PM,0.1863707,0.7445286,0.9895703,28.3934,352.0498,202.5679
12:11:58.1756 PM,0.1863707,0.7445286,0.9895703,28.3934,352.0498,202.5679
12:11:58.1871 PM,0.1863707,0.7445286,0.9895703,28.3934,352.0498,202.5679
12:11:58.1978 PM,0.1863707,0.7445286,0.9895703,28.3934,352.0498,202.5679
12:11:58.2089 PM,0.1863707,0.7445286,0.9895703,28.3934,352.0498,202.5679
12:11:58.2204 PM,0.1863707,0.7445286,0.9895703,28.3934,352.0498,202.5679
12:11:58.2323 PM,0.1863707,0.7445286,0.9895703,28.3934,352.0498,202.5679
12:11:58.2438 PM,0.1863707,0.7445286,0.9895703,28.3934,352.0498,202.5679
12:11:58.2548 PM,0.1863707,0.7445286,0.9895703,28.3934,352.0498,202.5679
12:11:58.2658 PM,0.1863707,0.7445286,0.9895703,28.3934,352.0498,202.5679
12:11:58.2771 PM,0.1863707,0.7445286,0.9895703,28.3934,352.0498,202.5679
12:11:58.2887 PM,0.1863707,0.7445286,0.9895703,28.3934,352.0498,202.5679
12:11:58.2996 PM,0.1863707,0.7445286,0.9895703,28.3934,352.0498,202.5679
12:11:58.3116 PM,0.1863707,0.7445286,0.9895703,28.3934,352.0498,202.5679
12:11:58.3221 PM,0.1863707,0.7445286,0.9895703,28.3934,352.0498,202.5679
12:11:58.3336 PM,0.1863707,0.7445286,0.9895703,28.3934,352.0498,202.5679
12:11:58.3447 PM,0.1863707,0.7445286,0.9895703,28.3934,352.0498,202.5679
12:11:58.3557 PM,0.1863707,0.7445286,0.9895703,28.3934,352.0498,202.5679
12:11:58.3667 PM,0.1863707,0.7445286,0.9895703,28.3934,352.0498,202.5679
12:11:58.3780 PM,0.1863707,0.7445286,0.9895703,28.3934,352.0498,202.5679
12:11:58.3896 PM,0.1863707,0.7445286,0.9895703,28.3934,352.0498,202.5679
12:11:58.4006 PM,0.1863707,0.7445286,0.9895703,28.3934,352.0498,202.5679
12:11:58.4121 PM,0.1863707,0.7445286,0.9895703,28.3934,352.0498,202.5679
12:11:58.4226 PM,0.1863707,0.7445286,0.9895703,28.3934,352.0498,202.5679
12:11:58.4336 PM,0.1863707,0.7445286,0.9895703,28.3934,352.0498,202.5679
12:11:58.4444 PM,0.1863707,0.7445286,0.9895703,28.3934,352.0498,202.5679
12:11:58.4566 PM,0.1863707,0.7445286,0.9895703,28.3934,352.0498,202.5679
12:11:58.4669 PM,0.1863707,0.7445286,0.9895703,28.3934,352.0498,202.5679
12:11:58.4786 PM,0.1863707,0.7445286,0.9895703,28.3934,352.0498,202.5679
12:11:58.4897 PM,0.1863707,0.7445286,0.9895703,28.3934,352.0498,202.5679
12:11:58.5007 PM,0.1863707,0.7445286,0.9895703,28.3934,352.0498,202.5679
12:11:58.5116 PM,0.1863707,0.7445286,0.9895703,28.3934,352.0498,202.5679
12:11:58.5227 PM,0.1863707,0.7445286,0.9895703,28.3934,352.0498,202.5679
12:11:58.5338 PM,0.1863707,0.7445286,0.9895703,28.3934,352.0498,202.5679
12:11:58.5448 PM,0.1863707,0.7445286,0.9895703,28.3934,352.0498,202.5679
12:11:58.5566 PM,0.1863707,0.7445286,0.9895703,28.3934,352.0498,202.5679
12:11:58.5669 PM,0.1863707,0.7445286,0.9895703,28.3934,352.0498,202.5679
12:11:58.5774 PM,0.1863707,0.7445286,0.9895703,28.3934,352.0498,202.5679
12:11:58.5888 PM,0.1863707,0.7445286,0.9895703,28.3934,352.0498,202.5679
12:11:58.6006 PM,0.1863707,0.7445286,0.9895703,28.3934,352.0498,202.5679
12:11:58.6116 PM,0.1863707,0.7445286,0.9895703,28.3934,352.0498,202.5679
12:11:58.6226 PM,0.1863707,0.7445286,0.9895703,28.3934,352.0498,202.5679
12:11:58.6336 PM,0.1863707,0.7445286,0.9895703,28.3934,352.0498,202.5679
12:11:58.6445 PM,0.1863707,0.7445286,0.9895703,28.3934,352.0498,202.5679
12:11:58.6557 PM,0.1863707,0.7445286,0.9895703,28.3934,352.0498,202.5679
12:11:58.6667 PM,0.1863707,0.7445286,0.9895703,28.3934,352.0498,202.5679
12:11:58.6780 PM,0.1863707,0.7445286,0.9895703,28.3934,352.0498,202.5679
12:11:58.6896 PM,0.1863707,0.7445286,0.9895703,28.3934,352.0498,202.5679
12:11:58.7003 PM,0.1863707,0.7445286,0.9895703,28.3934,352.0498,202.5679
12:11:58.7108 PM,0.1863707,0.7445286,0.9895703,28.3934,352.0498,202.5679
12:11:58.7218 PM,0.1863707,0.7445286,0.9895703,28.3934,352.0498,202.5679
12:11:58.7337 PM,0.1863707,0.7445286,0.9895703,28.3934,352.0498,202.5679
12:11:58.7439 PM,0.1863707,0.7445286,0.9895703,28.3934,352.0498,202.5679
12:11:58.7556 PM,0.1863707,0.7445286,0.9895703,28.3934,352.0498,202.5679
12:11:58.7667 PM,0.1863707,0.7445286,0.9895703,28.3934,352.0498,202.5679
12:11:58.7777 PM,0.1863707,0.7445286,0.9895703,28.3934,352.0498,202.5679
12:11:58.7887 PM,0.1863707,0.7445286,0.9895703,28.3934,352.0498,202.5679
12:11:58.7997 PM,0.1863707,0.7445286,0.9895703,28.3934,352.0498,202.5679
12:11:58.8112 PM,0.1863707,0.7445286,0.9895703,28.3934,352.0498,202.5679
12:11:58.8217 PM,0.1863707,0.7445286,0.9895703,28.3934,352.0498,202.5679
12:11:58.8328 PM,0.1863707,0.7445286,0.9895703,28.3934,352.0498,202.5679
12:11:58.8436 PM,0.1863707,0.7445286,0.9895703,28.3934,352.0498,202.5679
12:11:58.8556 PM,0.1863707,0.7445286,0.9895703,28.3934,352.0498,202.5679
12:11:58.8675 PM,0.1863707,0.7445286,0.9895703,28.3934,352.0498,202.5679
12:11:58.8777 PM,0.1863707,0.7445286,0.9895703,28.3934,352.0498,202.5679
12:11:58.8887 PM,0.1863707,0.7445286,0.9895703,28.3934,352.0498,202.5679
12:11:58.9000 PM,0.1863707,0.7445286,0.9895703,28.3934,352.0498,202.5679
12:11:58.9107 PM,0.1863707,0.7445286,0.9895703,28.3934,352.0498,202.5679
12:11:58.9222 PM,0.1863707,0.7445286,0.9895703,28.3934,352.0498,202.5679
12:11:58.9337 PM,0.1863707,0.7445286,0.9895703,28.3934,352.0498,202.5679
12:11:58.9444 PM,0.1863707,0.7445286,0.9895703,28.3934,352.0498,202.5679
12:11:58.9559 PM,0.1863707,0.7445286,0.9895703,28.3934,352.0498,202.5679
12:11:58.9665 PM,0.1863707,0.7445286,0.9895703,28.3934,352.0498,202.5679
12:11:58.9777 PM,0.1863707,0.7445286,0.9895703,28.3934,352.0498,202.5679
12:11:58.9887 PM,0.1863707,0.7445286,0.9895703,28.3934,352.0498,202.5679
12:11:58.9997 PM,0.1863707,0.7445286,0.9895703,28.3934,352.0498,202.5679
12:11:59.0107 PM,0.1863707,0.7445286,0.9895703,28.3934,352.0498,202.5679
12:11:59.0217 PM,0.1863707,0.7445286,0.9895703,28.3934,352.0498,202.5679
12:11:59.0322 PM,0.1863707,0.7445286,0.9895703,28.3934,352.0498,202.5679
12:11:59.0438 PM,0.1863707,0.7445286,0.9895703,28.3934,352.0498,202.5679
12:11:59.0556 PM,0.1863707,0.7445286,0.9895703,28.3934,352.0498,202.5679
12:11:59.0669 PM,0.1863707,0.7445286,0.9895703,28.3934,352.0498,202.5679
12:11:59.0776 PM,0.1863707,0.7445286,0.9895703,28.3934,352.0498,202.5679
12:11:59.0889 PM,0.1863707,0.7445286,0.9895703,28.3934,352.0498,202.5679
12:11:59.1007 PM,0.1863707,0.7445286,0.9895703,28.3934,352.0498,202.5679
12:11:59.1112 PM,0.1863707,0.7445286,0.9895703,28.3934,352.0498,202.5679
12:11:59.1227 PM,0.1863707,0.7445286,0.9895703,28.3934,352.0498,202.5679
12:11:59.1337 PM,0.1863707,0.7445286,0.9895703,28.3934,352.0498,202.5679
12:11:59.1445 PM,0.1863707,0.7445286,0.9895703,28.3934,352.0498,202.5679
12:11:59.1557 PM,0.1863707,0.7445286,0.9895703,28.3934,352.0498,202.5679
12:11:59.1669 PM,0.1863707,0.7445286,0.9895703,28.3934,352.0498,202.5679
12:11:59.1777 PM,0.1863707,0.7445286,0.9895703,28.3934,352.0498,202.5679
12:11:59.1898 PM,0.1863707,0.7445286,0.9895703,28.3934,352.0498,202.5679
12:11:59.2003 PM,0.1863707,0.7445286,0.9895703,28.3934,352.0498,202.5679
12:11:59.2108 PM,0.1863707,0.7445286,0.9895703,28.3934,352.0498,202.5679
12:11:59.2228 PM,0.1863707,0.7445286,0.9895703,28.3934,352.0498,202.5679
12:11:59.2338 PM,0.1863707,0.7445286,0.9895703,28.3934,352.0498,202.5679
12:11:59.2444 PM,0.1863707,0.7445286,0.9895703,28.3934,352.0498,202.5679
12:11:59.2561 PM,0.1863707,0.7445286,0.9895703,28.3934,352.0498,202.5679
12:11:59.2667 PM,0.1863707,0.7445286,0.9895703,28.3934,352.0498,202.5679
12:11:59.2781 PM,0.1863707,0.7445286,0.9895703,28.3934,352.0498,202.5679
12:11:59.2897 PM,0.1863707,0.7445286,0.9895703,28.3934,352.0498,202.5679
12:11:59.3006 PM,0.1863707,0.7445286,0.9895703,28.3934,352.0498,202.5679
12:11:59.3106 PM,0.1863707,0.7445286,0.9895703,28.3934,352.0498,202.5679
12:11:59.3218 PM,0.1863707,0.7445286,0.9895703,28.3934,352.0498,202.5679
12:11:59.3338 PM,0.1863707,0.7445286,0.9895703,28.3934,352.0498,202.5679
12:11:59.3438 PM,0.1863707,0.7445286,0.9895703,28.3934,352.0498,202.5679
12:11:59.3561 PM,0.1863707,0.7445286,0.9895703,28.3934,352.0498,202.5679
12:11:59.3667 PM,0.1863707,0.7445286,0.9895703,28.3934,352.0498,202.5679
12:11:59.3777 PM,0.03452039,0.8434851,0.7566055,326.9813,357.341,12.63761
12:11:59.3919 PM,0.03426394,0.8434252,0.7571907,327.0756,357.318,12.59529
12:11:59.4016 PM,0.03537235,0.8426187,0.7546446,326.9685,355.3731,13.41294
12:11:59.4121 PM,0.03513244,0.842541,0.7550071,326.9955,355.3213,13.3952
12:11:59.4236 PM,0.03432167,0.8425385,0.7560297,327.3334,356.0518,13.24852
12:11:59.4366 PM,0.03417099,0.8423828,0.7562411,327.3273,356.0583,13.18625
12:11:59.4461 PM,0.03304046,0.8439236,0.7563369,327.6895,356.0514,13.20248
12:11:59.4568 PM,0.03269511,0.8440043,0.7561713,327.6415,356.0617,13.0441
12:11:59.4678 PM,0.03236628,0.8441072,0.7552587,327.5332,355.8813,12.73519
12:11:59.4788 PM,0.03234637,0.8446673,0.7585211,327.5983,355.8978,12.5332
12:11:59.4898 PM,0.03215873,0.8446659,0.758747,327.6507,355.9488,12.26351
12:11:59.5008 PM,0.03248766,0.8446549,0.7587806,327.7752,356.1179,12.04177
12:11:59.5123 PM,0.03259271,0.8444817,0.7590888,327.9257,356.287,11.91389
12:11:59.5228 PM,0.03272045,0.842932,0.7572527,328.0216,356.3554,11.99545
12:11:59.5338 PM,0.03253657,0.842845,0.7573719,327.9523,356.3291,12.17884
12:11:59.5446 PM,0.03263131,0.8417631,0.7543972,327.8729,356.2632,12.35887
12:11:59.5559 PM,0.03231537,0.8418314,0.7539862,327.6664,356.1078,12.52823
12:11:59.5675 PM,0.03269103,0.841289,0.7520289,327.4526,355.9532,12.50757
12:11:59.5783 PM,0.03201616,0.8420057,0.753073,327.3265,355.9313,12.30204
12:11:59.5892 PM,0.03187552,0.841902,0.7527952,327.3376,355.891,12.14825
12:11:59.6008 PM,0.03161386,0.8421089,0.7530935,327.4444,355.8684,12.07798
12:11:59.6118 PM,0.03151569,0.8418738,0.7529525,327.5551,355.8647,12.01634
12:11:59.6220 PM,0.03169495,0.8411918,0.7524222,327.6039,355.9293,12.03677
12:11:59.6337 PM,0.03158915,0.8409486,0.7523072,327.6755,355.9294,12.18014
12:11:59.6438 PM,0.03147954,0.8409079,0.7527214,327.6736,355.9742,12.4363
12:11:59.6567 PM,0.03101537,0.8416419,0.7554574,327.7154,355.9901,12.52541
12:11:59.6675 PM,0.03101006,0.8416068,0.7555486,327.724,356.0143,12.58604
12:11:59.6787 PM,0.03097847,0.841848,0.7560704,327.7619,356.1022,12.55084
12:11:59.6897 PM,0.03112224,0.8419101,0.7561703,327.7743,356.1918,12.4495
12:11:59.7007 PM,0.03109136,0.8421661,0.7567135,327.8406,356.2577,12.37252
12:11:59.7123 PM,0.03125554,0.8421932,0.7568959,327.8867,356.3522,12.26631
12:11:59.7221 PM,0.03128752,0.8423883,0.7580974,327.9643,356.4336,12.18116
12:11:59.7336 PM,0.03145349,0.8424347,0.7583586,328.0078,356.5148,12.06588
12:11:59.7451 PM,0.03144437,0.8427717,0.758919,328.0844,356.5754,12.00912
12:11:59.7567 PM,0.03177816,0.8424216,0.7578303,328.0799,356.6324,11.98549
12:11:59.7678 PM,0.03194264,0.8424096,0.7580385,328.1519,356.6777,11.98526
12:11:59.7778 PM,0.03197315,0.8427554,0.7589995,328.1186,356.662,12.10461
12:11:59.7898 PM,0.03216097,0.8429258,0.7591758,328.0489,356.6776,12.23442
12:11:59.8008 PM,0.03255329,0.8422949,0.7578931,327.9875,356.7194,12.31756
12:11:59.8113 PM,0.03285706,0.8424287,0.7580477,327.9638,356.7695,12.40785
12:11:59.8228 PM,0.03324649,0.8428506,0.7596619,328.0667,356.8523,12.38717
12:11:59.8338 PM,0.03367847,0.8429367,0.7600169,328.1212,356.9586,12.37212
12:11:59.8452 PM,0.03431508,0.8427121,0.7593322,328.2697,357.1599,12.25884
12:11:59.8561 PM,0.03480729,0.8427978,0.759666,328.3322,357.3266,12.19749
12:11:59.8667 PM,0.0357258,0.8425574,0.759328,328.5298,357.7209,12.10301
12:11:59.8780 PM,0.03671184,0.8427235,0.7595677,328.6997,358.0382,12.05995
12:11:59.8898 PM,0.03802097,0.8428268,0.7602769,328.9359,358.5736,11.85004
12:11:59.8996 PM,0.03930584,0.8429991,0.7620564,329.1835,359.022,11.59659
12:11:59.9106 PM,0.04065943,0.8430035,0.7628627,329.4274,359.5399,11.31651
12:11:59.9221 PM,0.0422017,0.8432853,0.7649511,329.6837,0.1032268,11.07797
12:11:59.9336 PM,0.04420388,0.8429967,0.766543,330.1623,0.9675198,10.88866
12:11:59.9436 PM,0.04633486,0.8425826,0.768773,330.8318,1.927412,11.14782
12:11:59.9556 PM,0.04878998,0.8410102,0.7703238,331.4951,3.015586,11.78273
12:11:59.9667 PM,0.05152711,0.839743,0.7727541,332.3817,4.215519,12.55113
12:11:59.9781 PM,0.05453497,0.8376395,0.7727922,333.3919,5.367276,13.1491
12:11:59.9887 PM,0.05812126,0.8349506,0.7728498,334.5609,6.630986,13.69912
12:11:59.9997 PM,0.06174076,0.8326125,0.7754192,335.9297,8.012326,14.20759
12:12:00.0107 PM,0.06581634,0.8295264,0.7759408,337.2014,9.410889,14.70189
12:12:00.0226 PM,0.06982109,0.8265339,0.778385,338.664,10.92072,15.33417
12:12:00.0336 PM,0.07400778,0.8229369,0.7789655,340.0267,12.34539,16.15291
12:12:00.0447 PM,0.07782757,0.8199919,0.7820178,341.2899,13.27109,17.5041
12:12:00.0557 PM,0.08036461,0.8157831,0.7850496,342.5808,13.3554,20.03983
12:12:00.0663 PM,0.08267295,0.8119659,0.7882602,343.7616,13.40269,22.93505
12:12:00.0782 PM,0.08401906,0.807157,0.7910001,345.1869,12.91171,27.21344
12:12:00.0897 PM,0.08577943,0.8022023,0.7942696,346.5263,12.63114,31.43972
12:12:00.1006 PM,0.0869821,0.797355,0.7971731,347.84,11.95617,36.71492
12:12:00.1111 PM,0.08988854,0.793133,0.7999218,349.8971,12.40159,39.82854
12:12:00.1226 PM,0.09374115,0.7887231,0.8023736,352.2506,12.96002,41.96339
12:12:00.1336 PM,0.09683156,0.7848309,0.8053712,354.4692,13.7647,43.32301
12:12:00.1447 PM,0.1004655,0.780366,0.806289,355.9143,14.56258,43.83726
12:12:00.1551 PM,0.1044862,0.7782584,0.8065482,355.2826,15.46718,42.60579
12:12:00.1667 PM,0.1095904,0.7837824,0.8062309,353.1169,16.4239,38.06479
12:12:00.1771 PM,0.1131707,0.7877313,0.8103037,353.1011,16.68225,36.24295
12:12:00.1887 PM,0.116797,0.7923871,0.81348,353.2506,16.80982,35.66554
12:12:00.2000 PM,0.120718,0.7975832,0.8162795,353.388,17.20646,34.64146
12:12:00.2105 PM,0.1252642,0.8039913,0.8195668,353.0052,18.15694,32.41373
12:12:00.2218 PM,0.1312296,0.8144846,0.8222694,351.928,19.67056,29.67124
12:12:00.2328 PM,0.1366171,0.8258393,0.8260291,350.3673,21.25348,28.33735
12:12:00.2445 PM,0.140612,0.8383808,0.8283368,348.1149,22.52117,28.62551
12:12:00.2556 PM,0.1441782,0.8498455,0.8312072,346.0734,23.41148,29.60216
12:12:00.2667 PM,0.1448405,0.8624611,0.8333279,343.5989,23.68508,32.2989
12:12:00.2778 PM,0.1461817,0.8740118,0.8353652,341.5906,23.88718,34.22121
12:12:00.2888 PM,0.1440905,0.8853635,0.8373547,339.2484,23.48612,37.2221
12:12:00.3000 PM,0.1413878,0.896463,0.8400139,337.0677,23.11325,39.9167
12:12:00.3106 PM,0.137619,0.9061694,0.840631,335.0994,22.4374,42.6501
12:12:00.3216 PM,0.1312988,0.9134239,0.8425897,333.6018,20.85623,45.61524
12:12:00.3336 PM,0.1248115,0.9197802,0.8449235,332.3821,19.06335,48.39923
12:12:00.3445 PM,0.1159925,0.9233356,0.8480346,332.1595,16.32606,51.32135
12:12:00.3556 PM,0.1070791,0.9281079,0.8528879,332.4648,13.51092,53.85721
12:12:00.3667 PM,0.0973717,0.9292879,0.8553846,333.0904,10.47536,56.00282
12:12:00.3777 PM,0.08823591,0.9296399,0.8577845,333.7557,7.572453,57.83786
12:12:00.3889 PM,0.07753798,0.9270923,0.8609052,335.2616,4.463161,58.9572
12:12:00.3996 PM,0.06877416,0.9244984,0.8630234,336.6148,1.737608,60.59173
12:12:00.4111 PM,0.06002867,0.920454,0.8659544,338.4323,359.492,62.12334
12:12:00.4216 PM,0.05387905,0.914777,0.8674721,340.4423,357.6631,62.69165
12:12:00.4336 PM,0.05577427,0.9089278,0.8727746,341.6418,355.226,64.26323
12:12:00.4444 PM,0.05040321,0.9026983,0.875487,343.5874,354.1534,64.20836
12:12:00.4557 PM,0.04832202,0.8969476,0.8763722,345.3531,353.9532,63.97175
12:12:00.4666 PM,0.04969949,0.8939603,0.8794892,346.2798,354.3093,62.77866
12:12:00.4777 PM,0.05176863,0.8927209,0.8798946,346.1917,355.2562,60.30935
12:12:00.4888 PM,0.05283558,0.8921562,0.8844258,346.2426,356.7358,58.70961
12:12:00.4997 PM,0.05729377,0.8925105,0.8856711,345.4571,358.8029,56.77249
12:12:00.5108 PM,0.06108892,0.8948444,0.8909184,343.8593,1.112192,54.54486
12:12:00.5218 PM,0.06488481,0.8943649,0.8924689,343.2856,2.773596,52.84525
12:12:00.5321 PM,0.07029694,0.8934787,0.8903636,343.0532,4.137783,50.82542
12:12:00.5434 PM,0.07626644,0.8919712,0.8906618,342.4745,6.241714,49.60332
12:12:00.5544 PM,0.08307642,0.8890721,0.8863465,342.386,7.904072,48.04952
12:12:00.5657 PM,0.08963078,0.8852469,0.8805081,343.1512,9.399835,46.6357
12:12:00.5770 PM,0.09328759,0.8808631,0.8795559,343.4164,10.5627,46.12177
12:12:00.5888 PM,0.09849846,0.8769564,0.8769308,344.1653,11.63337,45.56732
12:12:00.5989 PM,0.1006987,0.8710092,0.8756299,344.7844,12.11206,46.15602
12:12:00.6104 PM,0.1032203,0.8664166,0.8770231,345.5446,12.24852,46.86988
12:12:00.6219 PM,0.104699,0.8604828,0.8760011,346.1283,12.16776,47.21213
12:12:00.6324 PM,0.107177,0.8538124,0.86933,346.8618,11.62992,48.26967
12:12:00.6435 PM,0.1076164,0.8480316,0.8671966,347.488,11.24626,49.51602
12:12:00.6546 PM,0.1082427,0.8425235,0.8654145,348.0668,10.85257,50.43562
12:12:00.6661 PM,0.1086344,0.8365046,0.86193,348.2645,10.48307,50.76048
12:12:00.6767 PM,0.1091308,0.8316373,0.8595961,348.5514,10.00951,51.32949
12:12:00.6887 PM,0.1096011,0.8263546,0.854784,348.4274,9.487639,51.85454
12:12:00.6989 PM,0.1106636,0.82232,0.8524699,348.509,9.235151,52.38341
12:12:00.7107 PM,0.110166,0.8187298,0.8517488,348.1582,8.900378,53.33817
12:12:00.7217 PM,0.1111641,0.8146037,0.8494334,348.2269,8.621696,54.4841
12:12:00.7328 PM,0.111533,0.8103248,0.8472663,348.3109,8.188982,56.30038
12:12:00.7437 PM,0.1118774,0.8058812,0.8453854,348.6461,7.789207,58.11579
12:12:00.7547 PM,0.1127644,0.8012866,0.8434108,349.0334,7.394943,59.91482
12:12:00.7662 PM,0.1131531,0.7971101,0.8424411,349.562,7.043546,61.7864
12:12:00.7767 PM,0.1140307,0.7925695,0.840543,350.0774,6.603115,63.60639
12:12:00.7887 PM,0.1144511,0.7881851,0.8389468,350.6868,5.896617,65.91768
12:12:00.7989 PM,0.1150191,0.7837937,0.8371475,351.3341,5.013091,68.08279
12:12:00.8106 PM,0.115715,0.7796298,0.8353796,351.9013,4.257443,69.83214
12:12:00.8211 PM,0.1159348,0.7764402,0.8344824,352.2257,3.65676,70.85593
12:12:00.8326 PM,0.1167009,0.7736167,0.8335603,352.4989,3.21087,72.06613
12:12:00.8435 PM,0.1176814,0.7701101,0.8315866,353.0045,2.634366,73.78348
12:12:00.8545 PM,0.119083,0.7676461,0.8303753,353.6756,2.147178,75.53833
12:12:00.8659 PM,0.1205336,0.7652577,0.8288491,354.0973,1.873221,76.87848
12:12:00.8767 PM,0.1224531,0.7644343,0.8279606,354.3281,1.898421,77.70698
12:12:00.8877 PM,0.1241188,0.7643432,0.826916,354.3685,1.770922,78.03457
12:12:00.8989 PM,0.1257448,0.7644253,0.8261613,354.4654,1.626296,78.27586
12:12:00.9106 PM,0.1271365,0.7657609,0.8265193,354.3534,1.618917,78.00613
12:12:00.9216 PM,0.128677,0.7677579,0.8265522,353.8611,1.615016,77.7892
12:12:00.9326 PM,0.1304123,0.770381,0.8265337,353.4332,1.66905,77.71986
12:12:00.9445 PM,0.1320155,0.7725461,0.8270383,353.2104,1.742865,77.88576
12:12:00.9548 PM,0.1339422,0.7755402,0.8273685,352.8508,1.972229,77.77818
12:12:00.9651 PM,0.1359335,0.7787135,0.826926,352.4005,2.268101,77.15382
12:12:00.9767 PM,0.1378259,0.7823952,0.8275177,351.9144,2.647742,76.06863
12:12:00.9878 PM,0.1394158,0.7862422,0.8276615,351.3841,2.861847,75.20502
12:12:00.9988 PM,0.1407632,0.7896609,0.8283617,350.9354,2.988859,74.59451
12:12:01.0106 PM,0.1416391,0.7931017,0.82895,350.4375,2.947467,74.63464
12:12:01.0216 PM,0.1414601,0.7974409,0.8315063,350.0315,2.689936,75.04671
12:12:01.0327 PM,0.1414629,0.800651,0.8324819,349.5689,2.351921,75.31625
12:12:01.0434 PM,0.1411618,0.8050912,0.8348829,348.9966,2.092929,75.02345
12:12:01.0546 PM,0.1408655,0.808929,0.8358275,348.2427,1.832015,74.29088
12:12:01.0656 PM,0.140438,0.8132743,0.837654,347.515,1.634999,73.32811
12:12:01.0767 PM,0.140194,0.8164563,0.8386103,346.9558,1.452292,72.70667
12:12:01.0882 PM,0.1395562,0.818908,0.840313,346.7492,1.528427,72.25795
12:12:01.0988 PM,0.1387947,0.8224428,0.8438382,346.4815,1.687564,71.44661
12:12:01.1106 PM,0.1386535,0.8234755,0.8456366,346.3361,1.970822,70.12688
12:12:01.1214 PM,0.1377472,0.8259223,0.8496643,346.2467,2.09438,69.05134
12:12:01.1319 PM,0.1372331,0.8278739,0.8516316,346.3661,2.303119,67.80116
12:12:01.1438 PM,0.1371366,0.8301653,0.8540676,347.0181,2.786004,65.98219
12:12:01.1538 PM,0.1373192,0.8318726,0.8565143,347.4965,3.269632,63.52161
12:12:01.1656 PM,0.137243,0.8338962,0.859872,347.1393,3.545795,61.38517
12:12:01.1767 PM,0.1372877,0.8357234,0.8622563,346.5977,3.797199,59.75026
12:12:01.1877 PM,0.1367986,0.8381184,0.8655454,346.1226,3.799706,59.72725
12:12:01.1989 PM,0.136371,0.8393762,0.867967,345.9893,3.786792,59.89937
12:12:01.2097 PM,0.1358856,0.8408911,0.8704256,345.5627,3.728868,59.49941
12:12:01.2211 PM,0.1354432,0.842646,0.8725065,344.7501,3.64567,58.47944
12:12:01.2326 PM,0.1350842,0.8448107,0.874141,343.9705,3.622396,56.65933
12:12:01.2436 PM,0.135026,0.8465766,0.8759542,343.4816,3.61687,54.17651
12:12:01.2548 PM,0.1346988,0.8480451,0.878091,343.1752,3.579775,52.06738
12:12:01.2660 PM,0.1339113,0.8493479,0.8808637,343.049,3.723055,49.61416
12:12:01.2766 PM,0.133784,0.850563,0.8834529,343.1627,3.678568,47.84514
12:12:01.2877 PM,0.1322949,0.8515657,0.8864712,343.0098,3.522453,47.41886
12:12:01.2987 PM,0.1318409,0.8531413,0.8891449,342.9466,3.411218,47.26605
12:12:01.3097 PM,0.1304156,0.8543201,0.8913,342.9166,2.989317,47.48267
12:12:01.3217 PM,0.1284664,0.8558937,0.8933545,342.4525,2.50961,49.03544
12:12:01.3328 PM,0.1264435,0.8576328,0.8950086,341.9775,1.763169,50.9277
12:12:01.3438 PM,0.1242687,0.8595935,0.8966057,341.716,1.034612,52.52259
12:12:01.3548 PM,0.1228609,0.8612684,0.8982053,341.6064,0.6284109,52.63014
12:12:01.3662 PM,0.1215509,0.8633838,0.8996629,341.3497,0.2145198,52.61444
12:12:01.3772 PM,0.1205361,0.8652059,0.9007757,341.2532,359.8922,52.29055
12:12:01.3877 PM,0.1195973,0.8667786,0.9017534,341.01,359.696,52.66815
12:12:01.3998 PM,0.1187935,0.8680542,0.9029592,340.7992,359.4509,53.53219
12:12:01.4108 PM,0.1183343,0.8683861,0.9042985,340.7559,359.2377,55.67147
12:12:01.4208 PM,0.1185435,0.8680173,0.9057022,340.8347,359.2383,58.09381
12:12:01.4323 PM,0.1191747,0.8672293,0.9070283,340.9308,359.393,60.46856
12:12:01.4437 PM,0.1201845,0.8663132,0.9081506,341.02,359.7208,62.30809
12:12:01.4546 PM,0.1210796,0.8654468,0.9090776,341.1345,359.9377,63.47732
12:12:01.4657 PM,0.122453,0.8637385,0.9097432,341.408,0.1034856,63.90574
12:12:01.4771 PM,0.1237387,0.861357,0.9103714,341.8772,0.1091086,64.00103
12:12:01.4889 PM,0.1247199,0.8580826,0.9108409,342.5311,0.01838171,64.21394
12:12:01.4986 PM,0.1258935,0.8545669,0.9113963,343.1974,359.972,64.8794
12:12:01.5106 PM,0.1269341,0.8494838,0.91164,344.1826,359.767,66.11829
12:12:01.5211 PM,0.1281173,0.8435168,0.9116601,345.2928,359.6554,67.79053
12:12:01.5326 PM,0.1294237,0.8371406,0.9113722,346.3935,359.7526,69.98533
12:12:01.5436 PM,0.1306786,0.8302863,0.9109699,347.5485,359.8663,72.1896
12:12:01.5546 PM,0.1315752,0.8238462,0.9104472,348.4408,359.9039,73.93687
12:12:01.5661 PM,0.1323348,0.8178083,0.9098332,349.2314,359.8605,75.35327
12:12:01.5767 PM,0.1324487,0.8123164,0.908849,349.7471,359.7481,75.95956
12:12:01.5880 PM,0.1324956,0.8076085,0.9076173,349.9999,359.6236,75.80721
12:12:01.5997 PM,0.1326115,0.8032044,0.9063183,350.181,359.4218,75.62975
12:12:01.6097 PM,0.1322735,0.7999066,0.9045359,350.0066,359.099,74.80074
12:12:01.6217 PM,0.1323546,0.7967527,0.9029201,349.9492,358.9616,73.95499
12:12:01.6322 PM,0.132838,0.7935325,0.9013836,350.1944,358.7838,73.87643
12:12:01.6438 PM,0.1333386,0.7902288,0.899922,350.4987,358.6022,74.11037
12:12:01.6546 PM,0.1338863,0.7877873,0.8984226,350.6517,358.3614,74.827
12:12:01.6656 PM,0.1342367,0.7861184,0.8969581,350.6951,358.0855,75.95134
12:12:01.6767 PM,0.134392,0.7850386,0.8956964,350.9081,357.9089,77.07677
12:12:01.6889 PM,0.1348683,0.7857957,0.8947687,351.3334,357.7964,76.78795
12:12:01.6989 PM,0.1345567,0.7862423,0.8963597,354.1236,358.2076,76.37316
12:12:01.7106 PM,0.1347057,0.7960321,0.8956666,351.3209,358.1205,75.98889
12:12:01.7216 PM,0.1332188,0.8076848,0.8950945,347.6253,357.8125,72.60953
12:12:01.7320 PM,0.1339381,0.8154849,0.8946369,345.696,358.6265,70.32937
12:12:01.7436 PM,0.1340159,0.8200181,0.8943044,344.9865,359.1108,71.24396
12:12:01.7546 PM,0.1332438,0.8208801,0.8945417,345.1988,358.956,75.67654
12:12:01.7656 PM,0.132184,0.8233256,0.8944302,344.8551,358.5758,77.0918
12:12:01.7767 PM,0.130578,0.8250312,0.8940656,344.6634,357.9031,77.26506
12:12:01.7877 PM,0.1285537,0.8260592,0.8932941,344.5497,357.0805,77.43777
12:12:01.7987 PM,0.126538,0.825973,0.8928336,344.8323,356.1902,78.26694
12:12:01.8097 PM,0.1257241,0.8251251,0.8893597,345.2355,355.4832,79.53983
12:12:01.8212 PM,0.1244714,0.823644,0.8890089,345.9281,354.8258,80.93468
12:12:01.8327 PM,0.1223086,0.8179313,0.8691998,344.4776,354.2614,81.60619
12:12:01.8437 PM,0.1220315,0.8170281,0.8676375,345.0015,354.0269,81.93678
12:12:01.8542 PM,0.1172327,0.8170575,0.8744864,345.5711,353.7822,82.00152
12:12:01.8657 PM,0.1171437,0.8173449,0.8729081,345.8579,353.8325,81.69
12:12:01.8767 PM,0.1171819,0.818042,0.871178,345.9862,353.8678,81.58284
12:12:01.8877 PM,0.1172883,0.8191996,0.869305,345.882,353.826,81.69063
12:12:01.8987 PM,0.1171498,0.8203887,0.8674207,345.6926,353.7174,82.13532
12:12:01.9097 PM,0.1172889,0.8221832,0.8653352,345.1752,353.7032,82.75751
12:12:01.9207 PM,0.1174817,0.8238848,0.8632386,344.7108,353.7185,83.27071
12:12:01.9327 PM,0.1177652,0.8252678,0.8610489,344.4055,353.7468,83.46926
12:12:01.9438 PM,0.1181179,0.8264267,0.8587899,344.2139,353.7941,83.42924
12:12:01.9538 PM,0.1185095,0.8275624,0.8566009,344.0102,353.8799,83.38791
12:12:01.9656 PM,0.1189547,0.8287517,0.8543255,343.7864,354.0312,83.22842
12:12:01.9767 PM,0.119293,0.8300697,0.8518367,343.4941,354.1252,83.24648
12:12:01.9880 PM,0.1193041,0.8313539,0.849178,343.2093,354.0422,83.30464
12:12:01.9988 PM,0.1194265,0.8325506,0.8465239,342.9505,353.9641,83.24274
12:12:02.0099 PM,0.1195979,0.8334585,0.8437732,342.8107,353.8485,83.17877
12:12:02.0216 PM,0.1198375,0.834098,0.841135,342.7847,353.7255,83.25649
12:12:02.0326 PM,0.1243751,0.8473925,0.8836973,343.5828,354.0985,83.25912
12:12:02.0433 PM,0.1247938,0.847419,0.8818871,343.9995,353.8642,82.85014
12:12:02.0536 PM,0.1252401,0.8477769,0.8803385,344.2762,353.7495,82.70403
12:12:02.0656 PM,0.1260471,0.8481575,0.8787786,344.5703,353.7224,82.29988
12:12:02.0761 PM,0.1271166,0.8488192,0.8772389,344.7968,353.8177,81.92404
12:12:02.0876 PM,0.1283517,0.8501498,0.8755325,344.7676,353.95,81.60546
12:12:02.0987 PM,0.1294787,0.8521492,0.8734655,344.4497,354.0424,81.3619
12:12:02.1097 PM,0.1299346,0.854862,0.8709824,343.8196,353.8315,81.17925
12:12:02.1212 PM,0.1295036,0.8581348,0.8680295,342.9247,353.3891,80.83887
12:12:02.1322 PM,0.1297514,0.8603038,0.8654945,342.381,353.2538,81.2039
12:12:02.1436 PM,0.0920583,0.8970414,0.9671266,343.4023,352.7263,83.04502
12:12:02.1548 PM,0.09152883,0.8988428,0.9665865,342.9841,352.7988,83.31665
12:12:02.1648 PM,0.08915567,0.9027203,0.973631,343.1538,353.161,83.12307
12:12:02.1770 PM,0.08841884,0.9038562,0.9734013,342.8175,353.0576,83.39948
12:12:02.1876 PM,0.08827996,0.9035867,0.9710491,342.6185,352.9306,84.0019
12:12:02.1988 PM,0.08785951,0.9037058,0.9710218,342.2878,352.7765,84.44598
12:12:02.2098 PM,0.08661377,0.9041377,0.9735628,342.326,352.4453,84.55123
12:12:02.2207 PM,0.08585727,0.903186,0.9727612,342.1649,352.366,84.95097
12:12:02.2317 PM,0.08512646,0.9043099,0.9758503,342.2971,352.4066,85.30598
12:12:02.2427 PM,0.08468962,0.9030883,0.9763315,342.4374,352.3829,84.435
12:12:02.2537 PM,0.08366394,0.902112,0.9770838,342.5448,352.5702,82.46534
12:12:02.2658 PM,0.08245122,0.9010644,0.9767005,342.7416,352.4301,80.44016
12:12:02.2768 PM,0.08044249,0.90104,0.9789697,343.0115,352.4556,80.25978
12:12:02.2871 PM,0.07933044,0.9010414,0.9814975,343.248,352.2633,80.17334
12:12:02.2987 PM,0.07809308,0.8998751,0.9818066,343.3085,351.9953,80.29336
12:12:02.3096 PM,0.07726878,0.8989948,0.9831609,343.5396,351.8353,80.06887
12:12:02.3206 PM,0.07657328,0.8972843,0.9829323,343.6909,351.7901,79.76226
12:12:02.3321 PM,0.07545915,0.8970736,0.987294,344.0991,352.1748,79.16678
12:12:02.3436 PM,0.07524517,0.8956038,0.9874266,344.2069,352.3829,78.6954
12:12:02.3548 PM,0.07499671,0.8941261,0.9874322,344.3666,352.6363,78.38581
12:12:02.3651 PM,0.07468089,0.8923246,0.9874812,344.6048,352.7929,78.13763
12:12:02.3767 PM,0.07449013,0.8901743,0.9868765,344.8395,352.9159,77.76896
12:12:02.3872 PM,0.07429194,0.8885766,0.9871542,345.1491,352.8912,77.33636
12:12:02.3982 PM,0.07408887,0.8862369,0.9865103,345.5115,352.7552,77.08185
12:12:02.4098 PM,0.07392395,0.8840859,0.9866738,345.8344,352.6503,76.88849
12:12:02.4208 PM,0.07415843,0.8821967,0.9852424,346.1603,352.3331,76.63886
12:12:02.4318 PM,0.07463467,0.8808836,0.9852731,346.5863,352.4423,76.56077
12:12:02.4422 PM,0.0754047,0.8792526,0.9845371,346.8189,352.4968,76.16071
12:12:02.4537 PM,0.07497096,0.8814721,0.9933039,346.994,352.8011,75.55609
12:12:02.4648 PM,0.07683444,0.8802727,0.9916807,346.9446,353.2926,74.75556
12:12:02.4761 PM,0.07944143,0.8794591,0.9909687,346.8866,353.9663,73.61379
12:12:02.4876 PM,0.08066088,0.8798166,0.9945952,346.9869,354.4413,72.62782
12:12:02.4988 PM,0.08351296,0.8788518,0.9938806,347.0589,355.1021,71.26423
12:12:02.5098 PM,0.08569065,0.8786438,0.9933267,347.0666,355.5384,69.53054
12:12:02.5204 PM,0.08766955,0.8777359,0.9922743,347.1001,355.6959,68.03694
12:12:02.5316 PM,0.08841676,0.8757458,0.9889699,347.104,355.3456,67.44937
12:12:02.5426 PM,0.09097797,0.8741343,0.9858621,347.2716,355.6089,67.2778
12:12:02.5536 PM,0.09180129,0.8731402,0.984127,347.4083,355.6025,67.54969
12:12:02.5648 PM,0.09344214,0.8715609,0.981948,347.6263,355.4017,67.32796
12:12:02.5758 PM,0.09446007,0.8703464,0.9801648,347.852,355.4918,67.44501
12:12:02.5873 PM,0.09662831,0.8693158,0.9786577,347.987,355.4996,67.42095
12:12:02.5988 PM,0.09757993,0.8684487,0.976966,348.0862,355.3864,67.60436
12:12:02.6098 PM,0.09913504,0.8674366,0.9751109,348.1447,355.4358,67.48576
12:12:02.6208 PM,0.1007755,0.8666833,0.9734516,348.2024,355.5445,67.30849
12:12:02.6323 PM,0.1036336,0.8653912,0.9716564,348.1458,355.9281,66.9052
12:12:02.6428 PM,0.1056975,0.8646073,0.970258,348.1171,356.2091,66.71194
12:12:02.6537 PM,0.1079645,0.8641457,0.9682521,348.0604,356.5293,66.5649
12:12:02.6717 PM,0.1100818,0.8636326,0.9665346,348.0502,356.7651,66.54461
12:12:02.6807 PM,0.1116976,0.8630028,0.9644847,347.9977,356.8456,66.91376
12:12:02.6882 PM,0.1131551,0.8625427,0.9633085,348.0071,356.9073,67.08979
12:12:02.6957 PM,0.1145458,0.8617401,0.9614619,348.0748,356.8642,67.45747
12:12:02.7071 PM,0.1160883,0.8605691,0.9592625,348.1595,356.9153,67.66923
12:12:02.7176 PM,0.1173933,0.8594761,0.9575951,348.3108,356.9554,67.74017
12:12:02.7288 PM,0.1184422,0.8585899,0.9562235,348.4701,357.0252,67.6367
12:12:02.7406 PM,0.1197414,0.8576372,0.954561,348.551,357.0999,67.51357
12:12:02.7516 PM,0.1203911,0.8568361,0.953583,348.662,357.1097,67.47468
12:12:02.7621 PM,0.1210729,0.8555209,0.9518085,348.8231,357.0337,67.74407
12:12:02.7736 PM,0.1215073,0.8541394,0.9501617,349.0641,356.9274,68.20287
12:12:02.7848 PM,0.1216712,0.8526711,0.9487275,349.3602,356.7631,68.69392
12:12:02.7959 PM,0.1208791,0.8508024,0.9472142,349.8752,356.2982,69.52823
12:12:02.8066 PM,0.1201513,0.8491987,0.9453627,350.2057,355.8101,70.16911
12:12:02.8177 PM,0.1194706,0.8475839,0.9436353,350.5579,355.3843,70.78704
12:12:02.8289 PM,0.1189364,0.8463778,0.9422494,350.8873,355.0223,71.15005
12:12:02.8406 PM,0.118489,0.8448169,0.9407427,351.2558,354.7413,71.34521
12:12:02.8516 PM,0.1186374,0.8430361,0.9391431,351.5837,354.5907,71.18121
12:12:02.8621 PM,0.1184392,0.8414916,0.9378113,351.8513,354.4077,71.2648
12:12:02.8736 PM,0.1188531,0.8400894,0.936476,351.9606,354.366,71.29656
12:12:02.8846 PM,0.1192622,0.8393055,0.9354573,351.9675,354.4049,71.30166
12:12:02.8956 PM,0.1196943,0.8382232,0.9342735,351.9972,354.4358,71.20446
12:12:02.9067 PM,0.1201462,0.8372805,0.9334702,352.0454,354.5589,71.04245
12:12:02.9177 PM,0.1205324,0.8362615,0.932584,352.1678,354.588,70.90361
12:12:02.9289 PM,0.1208248,0.8349373,0.9315262,352.2972,354.5243,71.03618
12:12:02.9399 PM,0.1206661,0.8340088,0.9308643,352.3959,354.3552,71.46325
12:12:02.9510 PM,0.120652,0.8329251,0.9298034,352.446,354.1422,71.91742
12:12:02.9627 PM,0.1208564,0.831846,0.9288238,352.5081,354.0039,72.18791
12:12:02.9737 PM,0.1214603,0.8307621,0.9278308,352.6044,353.9705,72.25433
12:12:02.9848 PM,0.1222924,0.8299206,0.9272463,352.7232,354.0685,72.03494
12:12:02.9958 PM,0.1232848,0.8289379,0.926281,352.8116,354.1773,71.85111
12:12:03.0065 PM,0.1244819,0.8280959,0.9255372,352.8748,354.3344,71.56644
12:12:03.0180 PM,0.1256876,0.826924,0.9243941,352.9718,354.424,71.55692
12:12:03.0289 PM,0.127054,0.8257839,0.9233227,353.0959,354.5211,71.7326
12:12:03.0406 PM,0.1280538,0.8246691,0.922332,353.2135,354.5773,71.97279
12:12:03.0511 PM,0.1294117,0.8235554,0.9211907,353.2993,354.619,72.45908
12:12:03.0626 PM,0.130128,0.8232173,0.9227509,353.4388,354.6491,72.6921
12:12:03.0736 PM,0.1317464,0.821654,0.9217956,353.6968,354.7964,72.59659
12:12:03.0858 PM,0.133344,0.8201372,0.9204887,353.9667,354.9083,72.56512
12:12:03.0964 PM,0.1347361,0.8188067,0.9195882,354.1979,355.0188,72.64918
12:12:03.1079 PM,0.1363665,0.8171517,0.9187686,354.4438,355.151,72.75483
12:12:03.1199 PM,0.137706,0.8161875,0.919814,354.6803,355.2675,72.91339
12:12:03.1369 PM,0.139398,0.8145783,0.9191172,354.8735,355.3613,73.00095
12:12:03.1465 PM,0.1410901,0.8136549,0.9194117,354.9527,355.4306,73.12699
12:12:03.1524 PM,0.1430684,0.8123367,0.9189506,355.0107,355.5593,73.11397
12:12:03.1626 PM,0.1448286,0.8111774,0.9180009,355.0748,355.6826,72.9861
12:12:03.1736 PM,0.146847,0.8099816,0.9175711,355.127,355.828,72.65129
12:12:03.1849 PM,0.1489706,0.808833,0.9168873,355.2007,355.9434,72.39366
12:12:03.1956 PM,0.1506254,0.8078434,0.9177234,355.2606,355.9865,72.21331
12:12:03.2067 PM,0.1525112,0.806679,0.9173989,355.2758,356.0803,72.0106
12:12:03.2177 PM,0.1543803,0.8056431,0.9168615,355.2203,356.1991,71.69509
12:12:03.2286 PM,0.1561433,0.8044038,0.91659,355.1937,356.3182,71.35876
12:12:03.2396 PM,0.1578684,0.8030208,0.9165033,355.2342,356.4161,71.04021
12:12:03.2506 PM,0.1593578,0.8014684,0.9161803,355.2812,356.497,70.71193
12:12:03.2626 PM,0.1609725,0.80002,0.9166858,355.3595,356.5572,70.48229
12:12:03.2736 PM,0.1625641,0.7986057,0.9163369,355.4153,356.6437,70.14548
12:12:03.2836 PM,0.1639987,0.7971512,0.9162012,355.4503,356.7278,69.83737
12:12:03.2958 PM,0.1654171,0.7959854,0.9164234,355.4775,356.7748,69.6109
12:12:03.3064 PM,0.1662053,0.7941723,0.9162964,355.6146,356.7601,69.367
12:12:03.3178 PM,0.1674619,0.7925185,0.9161767,355.7212,356.814,69.21185
12:12:03.3289 PM,0.1680639,0.790787,0.9159424,355.7854,356.8056,69.16708
12:12:03.3396 PM,0.1691911,0.7890038,0.9159782,355.9076,356.8383,68.86539
12:12:03.3516 PM,0.1697494,0.7866796,0.9155579,356.0472,356.8463,68.60691
12:12:03.3618 PM,0.1701662,0.7839273,0.9153719,356.4854,356.7851,68.11546
12:12:03.3728 PM,0.170902,0.7815111,0.9157889,356.8502,356.6847,67.9284
12:12:03.3846 PM,0.1707875,0.7784841,0.9157172,357.2076,356.5074,67.98988
12:12:03.3958 PM,0.171105,0.7756713,0.9153757,357.4974,356.3189,68.33259
12:12:03.4068 PM,0.1712324,0.773129,0.9152832,357.6352,356.2301,68.88956
12:12:03.4180 PM,0.1722469,0.7705687,0.9147961,357.6953,356.1948,69.13009
12:12:03.4289 PM,0.1727691,0.7681764,0.9148986,357.7748,356.2474,69.23901
12:12:03.4406 PM,0.1739401,0.7652994,0.9149203,357.9514,356.2711,69.21325
12:12:03.4507 PM,0.1747037,0.7625254,0.9150959,358.1723,356.2338,69.23074
12:12:03.4623 PM,0.1756489,0.7592663,0.9150616,358.4249,356.2555,69.19899
12:12:03.4728 PM,0.1764235,0.7565248,0.9150937,358.597,356.2511,69.26723
12:12:03.4838 PM,0.1773338,0.7536453,0.9151953,358.7165,356.2438,69.08131
12:12:03.4948 PM,0.1783298,0.7509115,0.9152316,358.8691,356.3485,68.97694
12:12:03.5066 PM,0.1795452,0.748298,0.915504,358.9404,356.3977,68.68338
12:12:03.5178 PM,0.179974,0.7454208,0.9155523,359.0706,356.4576,68.30341
12:12:03.5297 PM,0.1812846,0.7427573,0.9156007,359.2169,356.6504,68.03985
12:12:03.5407 PM,0.1827784,0.7403217,0.9162514,359.3429,356.7787,67.6875
12:12:03.5519 PM,0.1839489,0.7377114,0.9164031,359.4895,356.881,67.41198
12:12:03.5635 PM,0.1846085,0.7354714,0.9167755,359.5512,356.9034,67.22111
12:12:03.5748 PM,0.1855752,0.7331458,0.9165605,359.5983,356.9723,66.94825
12:12:03.5861 PM,0.1866826,0.7312155,0.9167451,359.6375,357.0486,66.60798
12:12:03.5968 PM,0.1880189,0.7295468,0.9164542,359.6017,357.1107,66.09374
12:12:03.6078 PM,0.1892357,0.7282413,0.9167141,359.5108,357.2029,65.59814
12:12:03.6198 PM,0.1907354,0.7279457,0.9171793,359.1219,357.3858,65.18731
12:12:03.6303 PM,0.1922756,0.7271178,0.9174694,358.8429,357.5476,64.86715
12:12:03.6418 PM,0.1940923,0.727226,0.9177725,358.4379,357.7258,64.5581
12:12:03.6528 PM,0.1952983,0.7267675,0.9184511,358.1591,357.9363,63.99935
12:12:03.6638 PM,0.1970604,0.7264609,0.918583,357.8911,358.2193,63.03653
12:12:03.6758 PM,0.198323,0.7259641,0.9192455,357.8387,358.4587,61.74319
12:12:03.6878 PM,0.19968,0.7254385,0.919556,357.7929,358.6753,60.53082
12:12:03.6978 PM,0.2001578,0.725284,0.9204278,357.7423,358.8119,59.43907
12:12:03.7089 PM,0.2007679,0.7255691,0.9213839,357.5735,358.9567,58.75923
12:12:03.7206 PM,0.2013125,0.7259791,0.921837,357.3521,358.9539,58.36679
12:12:03.7316 PM,0.2019542,0.7266435,0.9225693,357.153,358.9089,58.05502
12:12:03.7428 PM,0.2021184,0.7275454,0.9229691,356.8276,358.804,58.23561
12:12:03.7598 PM,0.2020403,0.7285285,0.9245121,356.6841,358.7416,58.41265
12:12:03.7691 PM,0.2018836,0.7287829,0.9249498,356.6298,358.6164,58.54646
12:12:03.7756 PM,0.2011926,0.7291447,0.9256426,356.6093,358.4205,58.6714
12:12:03.7846 PM,0.2005393,0.7297187,0.9260927,356.4982,358.2252,58.88264
12:12:03.7958 PM,0.1995089,0.7304333,0.926844,356.4011,358.0418,59.22387
12:12:03.8068 PM,0.1981234,0.7314591,0.927291,356.2896,357.7245,59.94769
12:12:03.8178 PM,0.1963115,0.7328287,0.9282687,356.1973,357.3036,60.8781
12:12:03.8288 PM,0.1946115,0.7340632,0.9284891,356.126,356.8479,61.97819
12:12:03.8398 PM,0.1929576,0.7351311,0.9287657,356.1253,356.3615,62.85835
12:12:03.8508 PM,0.1911182,0.7364864,0.9296521,356.1366,355.8517,63.09813
12:12:03.8618 PM,0.1894647,0.7376104,0.9294435,356.2764,355.1974,63.09627
12:12:03.8736 PM,0.1875721,0.7388622,0.9298253,356.2686,354.7702,63.3612
12:12:03.8846 PM,0.1869398,0.7411863,0.9297198,355.9908,354.6951,63.54696
12:12:03.8956 PM,0.1862102,0.7442272,0.9299308,355.4626,354.818,63.40187
12:12:03.9123 PM,0.1859928,0.7466398,0.9299264,355.1188,354.9227,63.01643
12:12:03.9218 PM,0.1859656,0.7491022,0.9298879,354.8865,355.1923,62.04503
12:12:03.9282 PM,0.1852432,0.7513998,0.9300636,354.6241,355.3207,61.38472
12:12:03.9377 PM,0.1847923,0.7533788,0.9298736,354.3333,355.3724,60.94732
12:12:03.9491 PM,0.1838482,0.7550566,0.9298022,354.1545,355.3126,60.64114
12:12:03.9606 PM,0.1829003,0.7558893,0.9295795,354.0916,355.154,60.4799
12:12:03.9716 PM,0.1817855,0.7574155,0.9304683,354.0175,355.0056,60.40716
12:12:03.9826 PM,0.1808474,0.7579906,0.9302599,353.945,354.8145,60.58334
12:12:03.9936 PM,0.1801206,0.7591363,0.9307595,353.8643,354.7531,60.68346
12:12:04.0042 PM,0.1794537,0.7596235,0.9306159,353.7764,354.6842,60.56131
12:12:04.0161 PM,0.1787885,0.7602096,0.9306748,353.7411,354.722,60.21337
12:12:04.0266 PM,0.1780124,0.7608113,0.9312768,353.7248,354.7625,59.86158
12:12:04.0381 PM,0.1775139,0.7600789,0.9310941,353.7755,354.9435,59.52711
12:12:04.0492 PM,0.1771646,0.760091,0.9310368,353.807,355.0378,59.45374
12:12:04.0597 PM,0.176614,0.7588778,0.930686,353.9136,355.0876,59.71787
12:12:04.0712 PM,0.1758754,0.7579756,0.9308943,354.0652,355.0265,60.21941
12:12:04.0821 PM,0.1750827,0.7564571,0.9305583,354.2144,354.9416,60.64652
12:12:04.0936 PM,0.1746182,0.7547783,0.929949,354.4236,354.8856,61.07941
12:12:04.1047 PM,0.1741377,0.7525504,0.9295112,354.7274,354.8756,61.35619
12:12:04.1159 PM,0.174334,0.7493725,0.9288516,355.301,354.9731,61.06482
12:12:04.1269 PM,0.1744806,0.7469491,0.9284414,355.7424,355.0934,60.89676
12:12:04.1375 PM,0.1749169,0.7433047,0.9281232,356.3793,355.28,60.57631
12:12:04.1491 PM,0.1756107,0.7398853,0.9275541,356.9123,355.4613,60.30428
12:12:04.1606 PM,0.1763951,0.7361775,0.9274033,357.4167,355.7091,60.13657
12:12:04.1709 PM,0.1771368,0.7325417,0.9272251,357.8791,355.9057,59.99147
12:12:04.1826 PM,0.1778899,0.7287892,0.9271379,358.3505,355.9902,59.74625
12:12:04.1938 PM,0.1789741,0.7246348,0.927272,358.9514,356.0679,59.36027
12:12:04.2048 PM,0.1798231,0.7207199,0.9270157,359.4514,356.2507,59.14847
12:12:04.2158 PM,0.1813271,0.7168151,0.9274944,359.9296,356.4553,59.02639
12:12:04.2268 PM,0.182244,0.7129632,0.9271287,0.3457134,356.5993,58.78135
12:12:04.2378 PM,0.1834093,0.7090565,0.9268965,0.6820487,356.8553,58.62913
12:12:04.2491 PM,0.184835,0.7054477,0.9269102,0.9796174,357.1203,58.44998
12:12:04.2598 PM,0.1861521,0.7016547,0.9267025,1.292842,357.3059,58.34467
12:12:04.2716 PM,0.1876722,0.6980801,0.9264215,1.586568,357.5175,58.28769
12:12:04.2827 PM,0.1892499,0.6945198,0.9262316,1.896352,357.8165,58.39509
12:12:04.2939 PM,0.1906355,0.6908293,0.926091,2.226645,357.9736,58.71033
12:12:04.3055 PM,0.1915587,0.6874077,0.9265672,2.567117,358.0415,58.76422
12:12:04.3162 PM,0.1928065,0.684095,0.926604,2.960082,358.2467,58.91917
12:12:04.3282 PM,0.1938862,0.6812337,0.9271666,3.226989,358.3468,58.92607
12:12:04.3387 PM,0.1948457,0.6782252,0.9274081,3.499545,358.4085,59.07085
12:12:04.3503 PM,0.1950134,0.6757121,0.928116,3.629541,358.2961,59.40136
12:12:04.3621 PM,0.1954759,0.6728784,0.9285254,3.900894,358.2785,59.60717
12:12:04.3726 PM,0.1961758,0.6700353,0.9287118,4.140115,358.1992,59.81482
12:12:04.3847 PM,0.1966763,0.667334,0.9291301,4.354403,358.1491,59.92459
12:12:04.3961 PM,0.1974316,0.6645448,0.9292623,4.574417,358.1263,59.87598
12:12:04.4069 PM,0.1979699,0.661716,0.9295542,4.833318,358.1213,59.70281
12:12:04.4188 PM,0.198634,0.6587439,0.9296222,5.113858,358.0677,59.51284
12:12:04.4308 PM,0.1990285,0.6554528,0.9296298,5.443211,357.7607,58.90231
12:12:04.4416 PM,0.1996504,0.6521471,0.9292705,5.814788,357.7218,58.56751
12:12:04.4521 PM,0.2005186,0.6492789,0.9292284,6.066303,357.7208,58.02423
12:12:04.4636 PM,0.2017027,0.6463729,0.928865,6.317504,357.757,57.58549
12:12:04.4748 PM,0.2027899,0.643643,0.9287522,6.543015,357.8286,57.14495
12:12:04.4897 PM,0.2039872,0.6407061,0.9283971,6.75256,357.957,56.80354
12:12:04.5007 PM,0.2051202,0.6376295,0.9281199,6.996621,358.0486,56.37513
12:12:04.5122 PM,0.206228,0.6345384,0.9278451,7.285721,358.1552,55.78586
12:12:04.5221 PM,0.2072125,0.6311768,0.9273133,7.603113,358.1969,55.12298
12:12:04.5376 PM,0.2076465,0.627482,0.926144,8.030497,358.0279,54.35141
12:12:04.5469 PM,0.2077582,0.6236631,0.9252578,8.444199,357.7387,53.83479
12:12:04.5534 PM,0.2066275,0.6198112,0.9238675,8.902924,356.8885,53.90768
12:12:04.5624 PM,0.2063859,0.6159906,0.9228463,9.306,356.4266,53.76698
12:12:04.5737 PM,0.2057977,0.6126317,0.9218832,9.690456,355.8663,53.9407
12:12:04.5848 PM,0.2059318,0.609886,0.9212726,9.941332,355.5845,53.491
12:12:04.5958 PM,0.2063113,0.6073325,0.920826,10.13404,355.5632,52.87912
12:12:04.6077 PM,0.2069186,0.6053435,0.9211296,10.46457,355.9138,52.37648
12:12:04.6177 PM,0.2080944,0.6033217,0.9210985,10.71567,356.4378,52.15749
12:12:04.6291 PM,0.2087904,0.6013212,0.9209404,10.77343,356.5697,52.06824
12:12:04.6411 PM,0.20943,0.5999283,0.9210392,10.62094,356.5846,51.93253
12:12:04.6511 PM,0.209805,0.5982097,0.9207487,10.51572,356.5005,51.79254
12:12:04.6626 PM,0.209689,0.5967742,0.921212,10.48129,356.4388,51.6166
12:12:04.6736 PM,0.2096723,0.594973,0.9207275,10.42461,356.2918,51.44583
12:12:04.6847 PM,0.209538,0.5937634,0.9210591,10.39596,356.1939,51.30925
12:12:04.6956 PM,0.2097366,0.5927045,0.9207138,10.30441,356.072,51.16811
12:12:04.7066 PM,0.2101475,0.5922202,0.9208833,10.1697,356.0731,51.01199
12:12:04.7176 PM,0.2107933,0.5914662,0.9208219,10.07353,356.1209,50.81879
12:12:04.7296 PM,0.2115121,0.591194,0.9211075,10.02006,356.2393,50.67057
12:12:04.7404 PM,0.2122949,0.5911337,0.9216022,10.01046,356.3918,50.6135
12:12:04.7514 PM,0.2133529,0.591325,0.9217697,9.89072,356.5294,50.64752
12:12:04.7626 PM,0.2139356,0.5918941,0.9223355,9.773372,356.6262,50.64127
12:12:04.7737 PM,0.2151457,0.5925482,0.9225053,9.629172,356.8479,50.63678
12:12:04.7848 PM,0.2159408,0.5925029,0.9219677,9.541033,356.9812,50.66065
12:12:04.7958 PM,0.2165399,0.5926103,0.9218589,9.511517,357.0639,50.71825
12:12:04.8070 PM,0.2164921,0.5925596,0.9217198,9.556817,357.0432,50.7131
12:12:04.8175 PM,0.2166293,0.5925851,0.921459,9.569693,356.9838,50.67769
12:12:04.8306 PM,0.2160975,0.5931121,0.9213428,9.632294,356.8019,50.71014
12:12:04.8407 PM,0.2157733,0.5929149,0.9209135,9.766904,356.6723,50.97233
12:12:04.8527 PM,0.2157128,0.5925001,0.9203218,9.9287,356.6428,50.981
12:12:04.8627 PM,0.2157972,0.5924876,0.919992,10.06691,356.6629,50.76404
12:12:04.8737 PM,0.2158057,0.5916485,0.9189301,10.51038,356.705,50.34583
12:12:04.8848 PM,0.2156491,0.5910804,0.9182292,11.14043,356.6544,49.87294
12:12:04.8958 PM,0.2151137,0.5901993,0.9172395,11.82699,356.3588,49.65029
12:12:04.9072 PM,0.2146208,0.589586,0.9168006,12.69744,356.0041,49.8722
12:12:04.9187 PM,0.2142319,0.5886767,0.9160676,13.7869,355.5867,50.03271
12:12:04.9300 PM,0.2139938,0.5881436,0.915583,15.43979,355.4297,50.21661
12:12:04.9415 PM,0.2141301,0.587716,0.9149871,16.6971,355.5379,50.20107
12:12:04.9526 PM,0.2147222,0.5879194,0.9146442,18.26345,356.2036,50.00155
12:12:04.9635 PM,0.2147676,0.5886902,0.9146782,19.27944,356.6103,49.40907
12:12:04.9758 PM,0.2146146,0.5915777,0.9148306,19.76381,356.9951,47.94644
12:12:04.9868 PM,0.2136517,0.5955903,0.9150373,19.81008,357.0376,46.83064
12:12:04.9983 PM,0.212436,0.5990552,0.9153134,19.93856,356.9432,46.27277
12:12:05.0098 PM,0.2099352,0.6050093,0.9159787,19.42149,356.4583,46.20939
12:12:05.0213 PM,0.2070696,0.6112494,0.9164745,18.72729,355.629,46.19625
12:12:05.0321 PM,0.2034471,0.6190982,0.9175512,17.72196,354.5742,45.74417
12:12:05.0437 PM,0.1995876,0.6276947,0.9190303,16.59904,353.6612,44.67663
12:12:05.0547 PM,0.1962245,0.6362566,0.9202095,15.36605,352.9222,43.55188
12:12:05.0667 PM,0.1926245,0.6465355,0.9220033,13.63581,352.414,42.21953
12:12:05.0761 PM,0.1886269,0.6570294,0.9235415,11.63962,352.2981,41.06741
12:12:05.0876 PM,0.1854032,0.6689915,0.9247774,9.316833,352.6401,39.57423
12:12:05.0996 PM,0.1820102,0.6808519,0.9259901,7.078835,352.9333,37.84179
12:12:05.1091 PM,0.1782678,0.6943018,0.926276,4.031446,353.7125,36.51714
12:12:05.1206 PM,0.1750983,0.7061722,0.9263393,1.718526,354.0986,35.26539
12:12:05.1316 PM,0.171158,0.7197305,0.9246589,358.5555,354.7148,33.49699
12:12:05.1426 PM,0.1671132,0.7333793,0.9234899,355.6458,355.1452,31.88356
12:12:05.1538 PM,0.1633875,0.745681,0.9208565,352.79,355.7896,30.13421
12:12:05.1648 PM,0.1599356,0.7582222,0.9176877,349.8883,356.7128,28.04662
12:12:05.1768 PM,0.1559943,0.7705464,0.9148588,347.2013,357.6364,25.80767
12:12:05.1863 PM,0.1522256,0.7801545,0.9095664,344.6888,358.6171,23.74491
12:12:05.1978 PM,0.14935,0.7904257,0.9042296,342.3331,359.543,21.82859
12:12:05.2093 PM,0.1454281,0.7977123,0.8976179,340.2,0.3927545,20.15108
12:12:05.2198 PM,0.1414185,0.8055881,0.8921882,338.3311,1.026951,18.57324
12:12:05.2312 PM,0.1372169,0.8103819,0.8851855,336.7591,1.741273,16.81318
12:12:05.2421 PM,0.1334,0.8146583,0.8782127,335.5499,2.434925,15.153
12:12:05.2536 PM,0.129138,0.8182327,0.8715096,334.3954,3.179046,13.61849
12:12:05.2646 PM,0.1248389,0.8191089,0.8644564,334.0005,3.604756,12.53554
12:12:05.2756 PM,0.1211906,0.8211044,0.857511,333.2383,4.235759,10.96708
12:12:05.2886 PM,0.1165854,0.8208404,0.8509507,332.8948,4.688333,9.43151
12:12:05.2981 PM,0.1129175,0.8216785,0.8449621,332.4156,5.09304,7.749338
12:12:05.3086 PM,0.1085047,0.8200525,0.8389407,332.2446,5.325011,5.974364
12:12:05.3203 PM,0.1046283,0.81804,0.8334931,332.0802,5.61306,4.232001
12:12:05.3308 PM,0.1016355,0.8155808,0.8279626,332.028,6.08074,2.289922
12:12:05.3428 PM,0.09823346,0.8127924,0.822863,332.138,6.697381,0.4428244
12:12:05.3534 PM,0.0954397,0.8100816,0.8179908,332.1898,7.273955,358.7728
12:12:05.3644 PM,0.09277129,0.8066626,0.8132256,332.3173,8.06519,356.9755
12:12:05.3759 PM,0.09068477,0.8030664,0.8084445,332.1562,8.806739,355.7635
12:12:05.3874 PM,0.08818075,0.7994072,0.8038867,332.2176,9.601085,354.9183
12:12:05.3979 PM,0.08621898,0.7952691,0.7996025,332.4679,10.36573,353.9103
12:12:05.4089 PM,0.08450329,0.7911676,0.7958549,332.8938,11.19027,352.997
12:12:05.4203 PM,0.08358037,0.7865956,0.7925869,333.3674,11.96696,352.1525
12:12:05.4311 PM,0.08245653,0.7825609,0.7893659,333.6819,12.78418,351.5255
12:12:05.4426 PM,0.08122239,0.7791237,0.785935,333.8867,13.74224,350.8059
12:12:05.4536 PM,0.080127,0.7754633,0.7825533,334.0745,14.60173,349.9996
12:12:05.4636 PM,0.07831553,0.7727358,0.7800114,334.1653,15.20787,350.1385
12:12:05.4758 PM,0.07692337,0.7690282,0.7768762,334.5792,15.67597,350.5459
12:12:05.4873 PM,0.0744642,0.7664996,0.7753702,335.4127,15.75057,351.9157
12:12:05.4978 PM,0.07281309,0.7634988,0.7745333,336.3291,15.85821,352.956
12:12:05.5083 PM,0.07098493,0.7620609,0.7750455,337.6142,15.70723,353.9621
12:12:05.5198 PM,0.06972912,0.7608486,0.7756075,338.5019,15.51993,354.1064
12:12:05.5313 PM,0.06855005,0.7606408,0.7755196,338.7561,15.31655,353.7036
12:12:05.5422 PM,0.06765854,0.7625079,0.7748232,338.4038,15.15468,352.9778
12:12:05.5537 PM,0.06682837,0.7636349,0.7734585,337.9622,15.06265,352.4801
12:12:05.5637 PM,0.06642231,0.7672839,0.7718383,336.945,15.07295,351.8035
12:12:05.5757 PM,0.06669569,0.7700924,0.7693032,336.074,15.37435,351.497
12:12:05.5862 PM,0.0668304,0.7739463,0.7673272,335.0414,15.95721,351.3628
12:12:05.5977 PM,0.06805906,0.7769631,0.7646543,334.3505,16.89565,350.8045
12:12:05.6097 PM,0.06917647,0.7800239,0.7626479,333.779,17.89758,349.9838
12:12:05.6202 PM,0.07158437,0.7821195,0.7587734,333.5019,19.50785,348.4169
12:12:05.6307 PM,0.07422715,0.7842738,0.7555559,333.4073,21.28099,346.56
12:12:05.6417 PM,0.07620436,0.7861305,0.7528844,333.5551,23.08597,344.818
12:12:05.6522 PM,0.07859132,0.787172,0.7478793,333.6786,24.68081,343.2018
12:12:05.6648 PM,0.08008358,0.7880954,0.7449262,334.0979,26.26323,341.3317
12:12:05.6761 PM,0.08167759,0.7885258,0.7410669,334.3661,27.48012,339.6834
12:12:05.6877 PM,0.08285624,0.7887692,0.7368201,334.3933,28.47273,338.9003
12:12:05.6988 PM,0.08290341,0.7891008,0.733943,334.4503,29.63188,338.4525
12:12:05.7098 PM,0.08371651,0.7881488,0.7299415,334.482,30.95415,338.9091
12:12:05.7213 PM,0.08392811,0.7870465,0.7282108,334.6021,32.30393,339.8608
12:12:05.7318 PM,0.08427334,0.7849144,0.7256513,334.8663,33.57366,340.9925
12:12:05.7422 PM,0.08413082,0.7825949,0.7240059,335.3157,34.68721,342.5651
12:12:05.7545 PM,0.08429295,0.7803436,0.7205836,335.7706,35.70327,343.7194
12:12:05.7656 PM,0.08363786,0.7772235,0.7187667,336.4295,36.50193,345.199
12:12:05.7766 PM,0.082773,0.7738732,0.7169671,337.0944,37.15479,346.492
12:12:05.7873 PM,0.08202431,0.7694661,0.713766,337.7078,37.69818,347.9144
12:12:05.7988 PM,0.08101583,0.7659155,0.7123029,338.3621,38.17968,349.4773
12:12:05.8103 PM,0.08023444,0.7606564,0.7095279,339.0598,38.3101,351.2935
12:12:05.8208 PM,0.0789617,0.7560101,0.7089691,339.8614,38.17402,353.1309
12:12:05.8323 PM,0.07786724,0.7505109,0.7081058,340.6292,37.91989,354.8605
12:12:05.8436 PM,0.07664585,0.7455636,0.7080588,341.4551,37.39861,356.6177
12:12:05.8547 PM,0.07576177,0.7397108,0.7067946,342.1667,36.52669,358.3094
12:12:05.8650 PM,0.07418415,0.7345603,0.7071819,342.7092,35.36341,-0.003853481
12:12:05.8767 PM,0.07236871,0.7305931,0.7082818,342.8729,34.26026,0.9429685
12:12:05.8877 PM,0.07108542,0.7262487,0.7079334,342.8964,33.62574,1.042878
12:12:05.8992 PM,0.06993002,0.7238554,0.7084458,343.0018,32.86533,0.6315317
12:12:05.9097 PM,0.06869328,0.7203276,0.7085416,343.5472,32.07467,1.40971
12:12:05.9212 PM,0.06718478,0.7181336,0.7101644,344.3605,31.06721,2.905595
12:12:05.9317 PM,0.06592858,0.7161353,0.711592,345.124,30.20792,4.232263
12:12:05.9437 PM,0.06474361,0.7144715,0.7127199,345.7606,29.48869,4.813524
12:12:05.9536 PM,0.06401357,0.713025,0.7135434,346.272,28.81674,4.965379
12:12:05.9657 PM,0.06353614,0.7130286,0.7141697,346.4938,28.41415,4.309122
12:12:05.9761 PM,0.06366843,0.7124891,0.7135741,346.447,28.39791,3.227365
12:12:05.9876 PM,0.06468418,0.7120734,0.7122533,346.2654,28.58729,2.006162
12:12:05.9981 PM,0.06481907,0.7129169,0.7114869,346.0152,28.84,1.189666
12:12:06.0096 PM,0.0648936,0.7129738,0.7101264,345.8535,28.87969,0.9578357
12:12:06.0211 PM,0.06442788,0.7131808,0.707744,345.3431,28.98561,1.438508
12:12:06.0316 PM,0.06375298,0.7135343,0.7069477,345.0087,29.0071,1.710548
12:12:06.0421 PM,0.06300309,0.7137294,0.7062058,344.6883,29.01363,2.026756
12:12:06.0537 PM,0.06247663,0.7133281,0.704365,344.3822,28.98687,2.3024
12:12:06.0656 PM,0.0619759,0.7131366,0.7027607,344.1613,28.91703,2.295773
12:12:06.0766 PM,0.06127369,0.7130044,0.7022328,343.9936,28.82466,2.255064
12:12:06.0876 PM,0.06049418,0.7123922,0.7004519,343.9249,28.64928,1.957653
12:12:06.0986 PM,0.05957267,0.7120696,0.6997539,343.9042,28.54307,1.546702
12:12:06.1095 PM,0.05830914,0.7117593,0.6986644,344.062,28.44648,0.734115
12:12:06.1215 PM,0.05702183,0.7112201,0.6977551,344.2941,28.27746,359.6028
12:12:06.1320 PM,0.05599701,0.7108376,0.6965687,344.4871,27.99061,358.2063
12:12:06.1435 PM,0.05536455,0.7108377,0.6960411,344.6549,27.65351,356.5733
12:12:06.1545 PM,0.05483848,0.7115365,0.6962707,344.8213,27.24222,354.8962
12:12:06.1656 PM,0.05457151,0.7120858,0.6963158,345.044,26.92514,353.4845
12:12:06.1766 PM,0.05448899,0.713233,0.696914,345.27,26.74887,352.3846
12:12:06.1878 PM,0.05452248,0.7144078,0.6966382,345.4002,26.96279,352.0201
12:12:06.1978 PM,0.05469796,0.7163082,0.6965607,345.5149,27.31494,352.103
12:12:06.2094 PM,0.05463403,0.7180431,0.6961563,345.5892,27.47803,352.0782
12:12:06.2204 PM,0.05480132,0.7210075,0.6958654,345.4912,27.9275,352.202
12:12:06.2319 PM,0.05567515,0.7241259,0.6955433,345.1822,28.22057,351.7237
12:12:06.2434 PM,0.0567193,0.7275057,0.6947594,344.6029,28.33184,351.2065
12:12:06.2547 PM,0.05737835,0.7315909,0.6950098,343.9892,28.33253,351.142
12:12:06.2657 PM,0.05811277,0.736794,0.6957877,342.9781,28.07923,352.2811
12:12:06.2761 PM,0.0586952,0.7434703,0.6970136,341.6373,27.96415,354.4883
12:12:06.2870 PM,0.05885562,0.7503597,0.69619,340.0267,28.32392,357.2686
12:12:06.2985 PM,0.05897099,0.7582382,0.6962743,338.2581,28.82666,359.9349
12:12:06.3099 PM,0.05899563,0.7652581,0.6956273,336.5479,29.19772,1.657837
12:12:06.3204 PM,0.05900976,0.7734402,0.6950058,334.1266,29.82668,2.654905
12:12:06.3314 PM,0.05898994,0.7818761,0.6940889,331.2652,30.56643,2.474257
12:12:06.3434 PM,0.05904663,0.7901222,0.6925082,328.1432,31.23676,1.839027
12:12:06.3545 PM,0.05918512,0.7985403,0.690547,324.6823,31.75572,1.387894
12:12:06.3646 PM,0.0587081,0.8063831,0.6878381,321.4763,31.99107,1.614486
12:12:06.3761 PM,0.05870116,0.8156393,0.6851326,318.5612,32.0746,1.398572
12:12:06.3876 PM,0.05883822,0.8239832,0.6835244,316.6694,31.73898,1.648229
12:12:06.3986 PM,0.05894259,0.832139,0.6824877,314.8672,31.19914,2.531222
12:12:06.4094 PM,0.059237,0.8403372,0.6816928,314.8717,30.17155,4.063503
12:12:06.4206 PM,0.05977252,0.8475356,0.6813371,314.5786,29.67326,4.832771
12:12:06.4321 PM,0.06129339,0.8542779,0.6824009,315.5707,29.23513,5.207027
12:12:06.4426 PM,0.06295666,0.860597,0.6829126,316.2893,29.05823,4.98663
12:12:06.4537 PM,0.06459171,0.8674387,0.6837456,316.7656,28.93758,4.99825
12:12:06.4647 PM,0.06659698,0.8739531,0.6830084,316.5923,28.83589,5.550189
12:12:06.4757 PM,0.06823918,0.8814037,0.6829414,315.9063,28.8391,6.116244
12:12:06.4876 PM,0.06944573,0.8888849,0.6819559,314.8717,28.99746,6.526181
12:12:06.4981 PM,0.07037541,0.8967572,0.6803238,313.4056,28.98915,7.453161
12:12:06.5099 PM,0.07122916,0.9059408,0.677799,311.0272,28.97426,8.749752
12:12:06.5204 PM,0.07269609,0.9145702,0.6755657,309.3337,29.31778,9.01487
12:12:06.5315 PM,0.07456642,0.9228368,0.6723031,307.3493,29.99821,9.070544
12:12:06.5435 PM,0.07645231,0.930849,0.6692736,305.7007,30.48383,9.735795
12:12:06.5536 PM,0.07848215,0.9384221,0.6668472,304.1466,30.88286,10.83719
12:12:06.5646 PM,0.08026564,0.9460217,0.6643717,302.7752,30.82552,13.80474
12:12:06.5761 PM,0.08193722,0.9534152,0.6630869,301.4458,30.44623,17.51826
12:12:06.5870 PM,0.08346465,0.9604667,0.6618586,300.2836,29.40965,23.01788
12:12:06.5985 PM,0.08524376,0.9671053,0.658757,299.0749,29.21781,25.67511
12:12:06.6097 PM,0.08769161,0.9736996,0.6563076,298.0857,29.7457,26.99465
12:12:06.6202 PM,0.09100634,0.979387,0.652312,297.3932,30.72149,27.54477
12:12:06.6317 PM,0.09397724,0.9852474,0.6497905,296.7268,31.28342,28.83136
12:12:06.6427 PM,0.09702036,0.9902301,0.6472195,296.2255,31.07132,31.46589
12:12:06.6537 PM,0.09945664,0.9952694,0.6452179,295.5627,30.31904,34.92298
12:12:06.6647 PM,0.1012651,0.9995022,0.643127,294.6511,28.89425,39.33057
12:12:06.6757 PM,0.1032541,1.004227,0.6411743,293.832,28.03256,42.68813
12:12:06.6877 PM,0.1050692,1.007993,0.6395042,293.2681,27.06151,46.24496
12:12:06.6987 PM,0.1072776,1.011761,0.637707,292.9023,26.30002,49.37012
12:12:06.7092 PM,0.1096929,1.014896,0.6366403,293.0246,26.38232,50.97947
12:12:06.7207 PM,0.1124717,1.017695,0.6347378,293.0287,27.179,50.67278
12:12:06.7312 PM,0.1151829,1.020115,0.6331173,292.9951,28.03314,49.46013
12:12:06.7427 PM,0.118004,1.022746,0.6315438,293.2602,28.47882,48.7221
12:12:06.7537 PM,0.1204731,1.024957,0.6305707,293.5133,28.43405,48.76838
12:12:06.7647 PM,0.1223296,1.026686,0.6289417,293.4313,27.5688,49.2313
12:12:06.7757 PM,0.1240807,1.029017,0.6264911,293.1527,26.89762,50.24384
12:12:06.7867 PM,0.1252209,1.030905,0.6247469,292.7043,25.83602,51.86899
12:12:06.7977 PM,0.1261868,1.032844,0.6232942,292.2537,24.82734,53.60219
12:12:06.8097 PM,0.1273373,1.034672,0.621622,291.8394,23.96448,55.08251
12:12:06.8207 PM,0.1283187,1.035814,0.6188262,291.4123,23.46242,56.07122
12:12:06.8312 PM,0.1294868,1.037256,0.6170489,291.0364,23.04144,56.71077
12:12:06.8428 PM,0.1304517,1.038081,0.6135529,290.6449,22.94221,56.797
12:12:06.8548 PM,0.1314025,1.039291,0.6119634,290.3671,22.89767,56.85822
12:12:06.8648 PM,0.1328475,1.039672,0.6098433,290.2842,23.56748,56.03895
12:12:06.8762 PM,0.1341902,1.040317,0.6078217,290.2593,23.90576,55.91965
12:12:06.8867 PM,0.1355461,1.040805,0.6075796,290.6107,24.58585,55.62074
12:12:06.8977 PM,0.1364153,1.0415,0.6073385,290.6581,24.85819,55.32808
12:12:06.9087 PM,0.1370906,1.041976,0.606544,290.5719,25.29211,54.39202
12:12:06.9202 PM,0.1380799,1.042217,0.6040949,290.3444,25.99319,52.96749
12:12:06.9317 PM,0.139052,1.042508,0.6026649,290.2069,27.52628,50.5033
12:12:06.9427 PM,0.1404011,1.042621,0.6007239,290.1463,29.70206,47.38962
12:12:06.9537 PM,0.1420749,1.042686,0.5988252,290.1537,32.40651,43.86036
12:12:06.9637 PM,0.14372,1.042736,0.5977448,290.1761,35.22338,40.09234
12:12:06.9757 PM,0.145894,1.042558,0.5960569,290.3029,38.45967,35.465
12:12:06.9927 PM,0.1480778,1.041885,0.5956327,290.6663,41.00228,31.47355
12:12:07.0007 PM,0.1500249,1.040867,0.5954443,291.1361,41.74878,29.97961
12:12:07.0078 PM,0.1516521,1.03985,0.5963738,291.5241,41.7617,29.75264
12:12:07.0173 PM,0.1528131,1.038681,0.5969926,291.7888,40.75411,31.17522
12:12:07.0288 PM,0.1532091,1.03682,0.5995067,291.9756,37.83912,35.50074
12:12:07.0398 PM,0.1532745,1.035085,0.6017627,292.2871,35.30062,39.38401
12:12:07.0498 PM,0.1537933,1.033595,0.6034755,292.592,33.80837,41.54129
12:12:07.0618 PM,0.1544956,1.032528,0.6035725,292.7675,34.08522,40.75772
12:12:07.0723 PM,0.1557141,1.031547,0.602867,292.9127,35.36633,38.42583
12:12:07.0838 PM,0.1565497,1.030955,0.6024476,293.0533,36.64396,36.08019
12:12:07.0949 PM,0.1577235,1.030773,0.6011916,293.103,38.80275,32.25399
12:12:07.1057 PM,0.1583026,1.031228,0.5994251,292.9876,41.33053,27.72294
12:12:07.1167 PM,0.1592016,1.031275,0.5979397,292.8921,43.06039,24.34737
12:12:07.1277 PM,0.1587157,1.032021,0.5959096,292.5045,44.23945,21.27034
12:12:07.1397 PM,0.1577201,1.031718,0.594533,292.163,43.37204,21.28296
12:12:07.1507 PM,0.1567581,1.031431,0.5935071,291.946,42.50658,21.79967
12:12:07.1617 PM,0.1557797,1.030981,0.5926967,291.7957,41.01472,24.0623
12:12:07.1722 PM,0.160889,1.032758,0.5976126,291.0979,40.43584,24.93672
12:12:07.1837 PM,0.1599508,1.032952,0.5967193,290.6917,40.97174,25.30001
12:12:07.1948 PM,0.1585946,1.033441,0.5951334,290.1031,41.87601,24.64629
12:12:07.2058 PM,0.1570568,1.033746,0.5933354,289.4647,42.34819,23.6435
12:12:07.2173 PM,0.1556155,1.033988,0.5920379,289.0334,42.33742,22.95157
12:12:07.2278 PM,0.1539903,1.034171,0.5908744,288.6951,41.54058,22.68397
12:12:07.2388 PM,0.152683,1.03413,0.5904467,288.653,39.75724,23.93888
12:12:07.2503 PM,0.1512287,1.033956,0.590224,288.6574,38.04153,25.47535
12:12:07.2618 PM,0.1499595,1.033628,0.5909237,288.9951,35.70573,28.3201
12:12:07.2728 PM,0.1485756,1.033533,0.5908154,289.1088,34.17458,29.91756
12:12:07.2836 PM,0.1475528,1.033474,0.5907611,289.2228,32.63739,31.36619
12:12:07.2948 PM,0.146506,1.033446,0.5901831,289.1046,31.70502,31.88822
12:12:07.3058 PM,0.1456994,1.033663,0.5887944,288.7727,31.35212,31.73286
12:12:07.3172 PM,0.145328,1.033915,0.5873226,288.3819,31.43218,31.27027
12:12:07.3278 PM,0.145149,1.034174,0.5863372,288.3059,31.44078,31.29374
12:12:07.3392 PM,0.1453314,1.034496,0.5860362,288.5402,31.31511,32.23875
12:12:07.3497 PM,0.1453271,1.034623,0.5856129,288.6809,30.85976,33.36526
12:12:07.3612 PM,0.1454426,1.034706,0.5853053,288.8513,30.11362,34.54491
12:12:07.3727 PM,0.1453436,1.035006,0.5844163,288.8406,29.52678,35.1436
12:12:07.3837 PM,0.1453108,1.035424,0.5835366,288.7857,29.18485,35.32417
12:12:07.3947 PM,0.1455013,1.035929,0.5825762,288.7086,29.00284,35.40608
12:12:07.4052 PM,0.1456763,1.03647,0.5811861,288.4827,28.90558,35.44277
12:12:07.4167 PM,0.1459973,1.03666,0.580219,288.5358,28.64311,36.23681
12:12:07.4282 PM,0.1464196,1.036859,0.5796381,288.6721,28.36573,37.20079
12:12:07.4407 PM,0.1474556,1.037056,0.5791605,288.9176,28.25825,38.16095
12:12:07.4517 PM,0.1483451,1.037602,0.5782108,289.0627,28.19847,38.73365
12:12:07.4627 PM,0.1489508,1.037962,0.5775197,289.0534,27.89001,39.3667
12:12:07.4742 PM,0.149267,1.038354,0.5762885,288.8883,27.43607,39.92508
12:12:07.4846 PM,0.1496105,1.0387,0.5752165,288.7159,27.11657,40.34798
12:12:07.4969 PM,0.1499854,1.039193,0.5742331,288.3763,27.20753,40.1364
12:12:07.5084 PM,0.1506856,1.039619,0.5730072,288.1463,27.42753,39.86191
12:12:07.5198 PM,0.1515053,1.039902,0.5719649,287.9962,27.54199,39.84269
12:12:07.5309 PM,0.1531768,1.040083,0.5716666,288.285,27.94172,40.25322
12:12:07.5423 PM,0.1544161,1.040138,0.5716492,288.5066,28.17095,41.23321
12:12:07.5539 PM,0.1552078,1.040469,0.5711445,288.3907,28.064,42.14996
12:12:07.5645 PM,0.1555447,1.040815,0.5703275,287.9192,27.69798,42.65536
12:12:07.5752 PM,0.1557659,1.041397,0.5687603,287.5884,27.63398,42.1765
12:12:07.5867 PM,0.1565901,1.041664,0.5679159,287.4802,28.13377,41.15737
12:12:07.5982 PM,0.1575337,1.04186,0.5673413,287.5245,29.21241,39.57252
12:12:07.6087 PM,0.1586943,1.04222,0.5666387,287.5928,30.13429,38.44063
12:12:07.6199 PM,0.1598516,1.042304,0.566602,287.8866,31.24961,37.23568
12:12:07.6315 PM,0.160883,1.042319,0.5659497,288.0598,31.93469,36.56214
12:12:07.6425 PM,0.1614519,1.042112,0.5661093,288.2513,32.30693,36.41433
12:12:07.6536 PM,0.1619192,1.042115,0.5661699,288.3305,32.64184,36.10778
12:12:07.6644 PM,0.162074,1.042085,0.5659927,288.2779,32.63013,36.01259
12:12:07.6756 PM,0.1623284,1.041848,0.5655351,288.1233,32.44343,35.99682
12:12:07.6870 PM,0.1623705,1.041784,0.5652822,287.9954,32.24425,36.07505
12:12:07.6975 PM,0.162322,1.041897,0.5646391,287.7786,31.83282,36.59171
12:12:07.7089 PM,0.1623585,1.041877,0.5645957,287.7267,31.73172,36.89761
12:12:07.7207 PM,0.1625838,1.041747,0.5647668,287.7979,31.74303,37.27566
12:12:07.7317 PM,0.1627317,1.041378,0.5648205,287.8921,31.76803,37.49867
12:12:07.7427 PM,0.1627176,1.041248,0.5649213,287.8916,31.47885,37.96218
12:12:07.7536 PM,0.1626091,1.041046,0.5650823,287.8781,30.88985,38.71789
12:12:07.7636 PM,0.1622524,1.040871,0.565273,287.8649,29.92887,39.85309
12:12:07.7757 PM,0.1619238,1.040711,0.5656757,287.8337,28.98486,41.08172
12:12:07.7867 PM,0.1616083,1.04066,0.5659826,287.8044,28.19448,42.22557
12:12:07.7977 PM,0.1611049,1.040577,0.5664171,287.7342,27.5225,43.36057
12:12:07.8087 PM,0.1608039,1.040571,0.566498,287.6504,27.19793,43.96602
12:12:07.8196 PM,0.1609188,1.04065,0.566354,287.4741,27.69042,43.29333
12:12:07.8311 PM,0.1612659,1.040691,0.5659043,287.3821,28.1524,42.61485
12:12:07.8426 PM,0.161392,1.040655,0.565778,287.317,28.46351,42.22179
12:12:07.8537 PM,0.1612671,1.040807,0.5652725,287.2311,28.87232,41.7612
12:12:07.8647 PM,0.1612817,1.040823,0.5651293,287.149,29.12338,41.48865
12:12:07.8761 PM,0.1613171,1.040715,0.5647224,287.0285,29.50208,40.98698
12:12:07.8877 PM,0.161658,1.040722,0.5648546,287.1754,29.897,40.76897
12:12:07.8982 PM,0.1620232,1.040678,0.5652535,287.463,30.34466,40.49752
12:12:07.9087 PM,0.1622075,1.040596,0.5654304,287.6289,30.64195,40.17445
12:12:07.9202 PM,0.1621759,1.040635,0.5653851,287.6871,30.53366,40.00578
12:12:07.9317 PM,0.1620278,1.040775,0.5655311,287.6874,30.36498,40.04125
12:12:07.9428 PM,0.1617723,1.040834,0.5655278,287.5783,30.25079,40.17249
12:12:07.9524 PM,0.1615198,1.040996,0.5653046,287.3749,30.1743,40.30753
12:12:07.9645 PM,0.1612772,1.041211,0.5650554,287.2452,30.17552,40.35016
12:12:07.9756 PM,0.1611086,1.041535,0.5649105,287.1298,30.41283,40.15188
12:12:07.9867 PM,0.1610321,1.041942,0.5643488,287.0028,30.7393,39.7383
12:12:07.9987 PM,0.1607963,1.042278,0.5641677,286.9181,30.83354,39.62028
12:12:08.0087 PM,0.1605648,1.042706,0.5638229,286.8553,30.55216,39.98652
12:12:08.0197 PM,0.1600429,1.043094,0.5637537,286.8068,30.04945,40.65762
12:12:08.0307 PM,0.1594419,1.043551,0.5636027,286.7816,29.50505,41.36486
12:12:08.0421 PM,0.1589389,1.044021,0.5633785,286.7429,29.03113,41.84489
12:12:08.0522 PM,0.1580258,1.044708,0.5631818,286.6956,28.36407,42.23429
12:12:08.0636 PM,0.1572387,1.0454,0.562867,286.6337,27.9273,42.45998
12:12:08.0757 PM,0.1560994,1.046249,0.5625465,286.5106,27.60274,42.3258
12:12:08.0867 PM,0.154866,1.04723,0.5619959,286.313,27.48539,41.79416
12:12:08.0977 PM,0.1534429,1.048158,0.5614675,286.1133,26.90638,41.73762
12:12:08.1087 PM,0.1514374,1.049023,0.560822,285.9208,25.44512,42.68974
12:12:08.1197 PM,0.148917,1.05015,0.5605674,285.6806,23.23456,44.67927
12:12:08.1302 PM,0.1460058,1.051188,0.5607452,285.4581,19.94961,47.99738
12:12:08.1417 PM,0.1430982,1.052157,0.5609454,285.3267,16.80901,51.2181
12:12:08.1523 PM,0.1392236,1.053206,0.5611086,285.2158,12.37475,56.0486
12:12:08.1638 PM,0.1358225,1.054246,0.5610713,285.0639,8.78748,59.53187
12:12:08.1748 PM,0.1318807,1.055318,0.5605731,284.8562,4.187751,63.7399
12:12:08.1858 PM,0.1277919,1.056162,0.5599074,284.723,359.6214,67.7979
12:12:08.1967 PM,0.1237861,1.057104,0.5593263,284.6201,355.2349,71.63694
12:12:08.2087 PM,0.1195721,1.057686,0.5584897,284.5778,350.7309,75.40765
12:12:08.2197 PM,0.1155171,1.057931,0.5578479,284.8045,346.5255,79.24566
12:12:08.2307 PM,0.1115649,1.057852,0.5577831,285.1489,343.3297,82.32077
12:12:08.2412 PM,0.1077277,1.057887,0.5576943,285.4406,340.7537,84.52612
12:12:08.2523 PM,0.1041222,1.057835,0.5579089,285.8248,338.9146,85.70629
12:12:08.2638 PM,0.1004541,1.0578,0.5580497,286.2489,337.1131,86.72339
12:12:08.2748 PM,0.09682056,1.057173,0.55858,286.662,335.9668,86.90337
12:12:08.2868 PM,0.09279931,1.056414,0.559217,287.448,334.4847,87.54893
12:12:08.2968 PM,0.08872193,1.054991,0.5601623,288.4165,333.0105,88.21873
12:12:08.3083 PM,0.08425924,1.05258,0.5615008,289.7283,331.6801,88.77474
12:12:08.3198 PM,0.08002776,1.050107,0.5630652,291.3684,330.8035,89.0552
12:12:08.3303 PM,0.07599765,1.047009,0.5650827,293.1641,330.1632,88.90442
12:12:08.3417 PM,0.07189393,1.04415,0.5667043,294.8434,329.4482,88.68751
12:12:08.3526 PM,0.0678013,1.040307,0.5686193,296.6542,328.4553,88.64626
12:12:08.3636 PM,0.06358135,1.037224,0.5699997,298.0668,327.2951,88.97844
12:12:08.3756 PM,0.06006256,1.033856,0.5706791,299.1822,326.0238,89.44553
12:12:08.3856 PM,0.05682692,1.030958,0.5703843,299.946,324.8139,90.09208
12:12:08.3976 PM,0.05410099,1.028138,0.5705274,300.6484,323.859,90.65823
12:12:08.4086 PM,0.05232933,1.025409,0.5701103,301.0145,323.236,91.40633
12:12:08.4195 PM,0.05087674,1.022909,0.5700697,301.3345,322.7654,92.08211
12:12:08.4300 PM,0.04990673,1.020634,0.5701352,301.6819,322.5349,92.53722
12:12:08.4415 PM,0.04871926,1.018263,0.5704335,302.2328,322.2657,92.77315
12:12:08.4525 PM,0.04843777,1.016229,0.5705277,302.7964,322.3326,92.42044
12:12:08.4648 PM,0.04779735,1.013979,0.570412,303.3475,322.2876,92.23647
12:12:08.4755 PM,0.04796347,1.012665,0.5711495,303.774,322.5603,91.81252
12:12:08.4858 PM,0.04818821,1.011397,0.5717927,304.1121,322.885,91.4044
12:12:08.4972 PM,0.04960534,1.011563,0.5727781,304.058,323.8595,90.48249
12:12:08.5087 PM,0.05024514,1.011293,0.5729451,304.0647,324.5692,89.6458
12:12:08.5192 PM,0.05176544,1.012063,0.5735247,303.7159,325.4853,88.49485
12:12:08.5307 PM,0.05318776,1.013147,0.5732046,303.1934,326.3312,87.51347
12:12:08.5422 PM,0.05453259,1.014088,0.5733683,302.6917,327.0499,86.66595
12:12:08.5527 PM,0.05621815,1.015599,0.5719949,301.9385,327.7426,85.71161
12:12:08.5638 PM,0.05764201,1.01744,0.570868,301.2475,328.357,84.69833
12:12:08.5751 PM,0.05869067,1.018988,0.5699019,300.61,328.8394,83.8425
12:12:08.5856 PM,0.05966085,1.02059,0.5690656,300.0376,329.367,83.02947
12:12:08.5971 PM,0.06033909,1.022184,0.5679779,299.5136,329.7309,82.51942
12:12:08.6076 PM,0.06124058,1.023735,0.566986,299.0867,330.1748,81.9158
12:12:08.6191 PM,0.06173182,1.025017,0.5661926,298.7438,330.4583,81.52339
12:12:08.6306 PM,0.06244016,1.026602,0.5652373,298.4192,330.7106,81.17903
12:12:08.6416 PM,0.06276077,1.027909,0.5640848,298.136,330.8737,80.99448
12:12:08.6524 PM,0.06290358,1.029066,0.5631642,297.9266,330.8293,81.00798
12:12:08.6639 PM,0.06302428,1.030145,0.5622255,297.7211,330.8008,80.92796
12:12:08.6749 PM,0.06307879,1.030968,0.5614629,297.5838,330.692,80.9071
12:12:08.6857 PM,0.06279796,1.031637,0.5607671,297.6364,330.3966,81.19933
12:12:08.6969 PM,0.06281921,1.032327,0.5601335,297.6043,330.3144,81.33041
12:12:08.7079 PM,0.06285694,1.032922,0.5594687,297.6277,330.3816,81.18475
12:12:08.7196 PM,0.063097,1.033747,0.5585909,297.4884,330.5133,80.87639
12:12:08.7306 PM,0.0635846,1.034631,0.5577168,297.2533,330.8131,80.26605
12:12:08.7416 PM,0.06427893,1.035461,0.5565149,296.9625,330.9962,79.69064
12:12:08.7521 PM,0.06475514,1.036195,0.5557066,296.7449,331.0779,79.39758
12:12:08.7636 PM,0.06520587,1.036832,0.5547009,296.6401,331.0216,79.55097
12:12:08.7746 PM,0.0656873,1.037312,0.5540303,296.5399,331.1102,79.48034
12:12:08.7852 PM,0.06636661,1.03784,0.5533309,296.4156,331.4176,78.98814
12:12:08.7977 PM,0.06699866,1.038479,0.5526924,296.2401,331.6967,78.57813
12:12:08.8085 PM,0.06785569,1.038913,0.5520613,296.0748,332.1098,78.15488
12:12:08.8195 PM,0.06880012,1.039456,0.5510857,295.9324,332.6388,77.54773
12:12:08.8298 PM,0.06959996,1.039911,0.5506597,295.813,333.1202,76.93065
12:12:08.8420 PM,0.0706023,1.040326,0.5498648,295.7439,333.6392,76.27721
12:12:08.8520 PM,0.07135031,1.040774,0.5494063,295.6398,334.1073,75.68642
12:12:08.8635 PM,0.07217678,1.04119,0.5488744,295.551,334.6216,74.9277
12:12:08.8758 PM,0.07282621,1.041572,0.5484951,295.4357,335.1261,74.151
12:12:08.8858 PM,0.07339084,1.042088,0.548135,295.3101,335.6604,73.33941
12:12:08.8972 PM,0.07403859,1.042537,0.547718,295.1961,336.1959,72.52197
12:12:08.9087 PM,0.07462487,1.042849,0.5471832,295.1241,336.6649,71.76214
12:12:08.9196 PM,0.07521951,1.043386,0.5468812,295.0474,337.149,71.10153
12:12:08.9310 PM,0.07575589,1.043896,0.5465449,294.9185,337.7204,70.43552
12:12:08.9415 PM,0.07619324,1.0443,0.5460813,294.7744,338.3006,69.76556
12:12:08.9521 PM,0.07655165,1.044789,0.5457357,294.6381,338.7753,69.20698
12:12:08.9636 PM,0.07692307,1.045171,0.5450392,294.5338,339.176,68.71541
12:12:08.9757 PM,0.07704997,1.045556,0.5447587,294.4332,339.4381,68.33391
12:12:08.9856 PM,0.07720795,1.04582,0.5438397,294.3562,339.6328,67.94911
12:12:08.9976 PM,0.07709363,1.046165,0.543316,294.3341,339.8587,67.51862
12:12:09.0086 PM,0.07695514,1.046394,0.5430708,294.3212,340.0714,67.07525
12:12:09.0196 PM,0.07653871,1.046566,0.5425907,294.3671,340.1868,66.67805
12:12:09.0311 PM,0.07612419,1.04676,0.5423797,294.4053,340.289,66.29124
12:12:09.0416 PM,0.07578346,1.046965,0.5419192,294.4012,340.3481,65.93922
12:12:09.0520 PM,0.0753248,1.047088,0.5417327,294.3535,340.4682,65.60223
12:12:09.0634 PM,0.07493934,1.047319,0.5414077,294.2593,340.5753,65.31481
12:12:09.0756 PM,0.07452708,1.047514,0.5411633,294.1738,340.7014,65.02113
12:12:09.0856 PM,0.07394442,1.047711,0.5411172,294.0844,340.7939,64.77377
12:12:09.0966 PM,0.07355317,1.047884,0.5410922,294.0282,340.8539,64.54906
12:12:09.1080 PM,0.07281578,1.047825,0.5412177,294.0474,340.7671,64.47503
12:12:09.1197 PM,0.07223871,1.047735,0.5413165,294.0634,340.7003,64.40083
12:12:09.1307 PM,0.07165989,1.047661,0.5415133,294.0814,340.7101,64.26878
12:12:09.1416 PM,0.07130924,1.047477,0.5414336,294.12,340.8611,64.02355
12:12:09.1523 PM,0.0708144,1.047368,0.5417124,294.1832,340.9764,63.80126
12:12:09.1638 PM,0.07040349,1.047146,0.5417762,294.2399,341.0909,63.57781
12:12:09.1749 PM,0.06985426,1.04694,0.5420899,294.3032,341.2326,63.32787
12:12:09.1857 PM,0.06923831,1.046655,0.5424207,294.3708,341.3833,63.06866
12:12:09.1972 PM,0.06872174,1.046239,0.5426346,294.4299,341.5574,62.73716
12:12:09.2087 PM,0.06824178,1.045964,0.5430181,294.5166,341.7352,62.38882
12:12:09.2192 PM,0.06774852,1.045497,0.5432161,294.6261,341.8298,62.08874
12:12:09.2306 PM,0.06713629,1.04522,0.5435487,294.7125,341.8727,61.89225
12:12:09.2411 PM,0.06652361,1.044877,0.5439321,294.8053,341.9096,61.74861
12:12:09.2522 PM,0.06598651,1.044557,0.5443245,294.889,342.005,61.53059
12:12:09.2637 PM,0.06543502,1.04422,0.5447038,294.9811,342.0981,61.2908
12:12:09.2748 PM,0.06507233,1.043937,0.5449123,295.0891,342.2065,61.02623
12:12:09.2867 PM,0.0646345,1.043693,0.5452741,295.186,342.3457,60.70859
12:12:09.2977 PM,0.06419387,1.043395,0.5455102,295.2723,342.4739,60.38882
12:12:09.3082 PM,0.0638428,1.043231,0.545804,295.3156,342.5669,60.08358
12:12:09.3197 PM,0.06353414,1.042971,0.5457516,295.3501,342.6658,59.79723
12:12:09.3312 PM,0.06318998,1.042836,0.5459876,295.3699,342.7777,59.54726
12:12:09.3427 PM,0.06296518,1.042779,0.5458579,295.3066,342.858,59.41397
12:12:09.3525 PM,0.06279084,1.042885,0.5455186,295.249,342.9675,59.262
12:12:09.3645 PM,0.06251627,1.042829,0.5455847,295.21,343.1015,59.05476
12:12:09.3746 PM,0.06232986,1.042864,0.545382,295.1802,343.3009,58.74462
12:12:09.3862 PM,0.06215054,1.042851,0.5454942,295.1943,343.5794,58.3242
12:12:09.3967 PM,0.06202701,1.042855,0.5454476,295.2404,344.0851,57.54475
12:12:09.4078 PM,0.06198731,1.042846,0.5457124,295.3159,344.5051,56.97346
12:12:09.4189 PM,0.06206211,1.042749,0.545818,295.4491,344.9347,56.39494
12:12:09.4303 PM,0.06194198,1.042579,0.5460762,295.5835,345.3262,55.82232
12:12:09.4411 PM,0.06177294,1.042565,0.5462766,295.6438,345.5881,55.30758
12:12:09.4521 PM,0.06152487,1.042426,0.5463688,295.6645,345.7921,54.83986
12:12:09.4637 PM,0.06122607,1.042429,0.5464034,295.6021,345.8719,54.44837
